497		497 561
561		561 625
498		498 562
562		562 626
499		499 498
500		500 564
564		564 628
501		501 565 564
565		565 564
629		629 628
504		504 568 567 566 565 564
568		568 567 566 565 564
567		567 566 565 564
631		631 630 629 628
630		630 629 628
566		566 565 564
563		563 562
569		569 568 567 566 565 564
633		633 697 696 695 694 693
697		697 696 695 694 693
696		696 695 694 693
760		760 759 758 757
759		759 758 757
758		758 757
695		695 694 693
694		694 693
570		570 569 568 567 566 565 564
634		634 698 762 761 760 759 758 757
698		698 697 696 695 694 693
762		762 761 760 759 758 757
761		761 760 759 758 757
589		589 653 717 718 782 783 719 655 656 657 658 659 660 661 662 663 664 665 666 667 668 669 670 671 672 673 674 675 676 677 678 679 680 681 682 683 684 748 812 876 940
653		653 717 718 782 783 719 655 656 657 658 659 660 661 662 663 664 665 666 667 668 669 670 671 672 673 674 675 676 677 678 679 680 681 682 683 684 748 812 876 940
717		717 718 719 720 721 722 723 724 725 726 727 728 729 730 731 732 733 734 735 736 737 738 739 740 741 742 743 744 745 746 747 748 749 750 751 752
718		718 719 720 721 722 723 724 725 726 727 728 729 730 731 732 733 734 735 736 737 738 739 740 741 742 743 744 745 746 747 748 749 750 751 752
782		782 783 784 785 786 787 788 789 790 791 792 793 794 795 796 797 798 799 800 801 802 803 804 805 806 807 808 809 810 811 812 813 814 815 816
783		783 784 785 786 787 788 789 790 791 792 793 794 795 796 797 798 799 800 801 802 803 804 805 806 807 808 809 810 811 812 813 814 815 816
719		719 720 721 722 723 724 725 726 727 728 729 730 731 732 733 734 735 736 737 738 739 740 741 742 743 744 745 746 747 748 749 750 751 752
655		655 656 657 658 659 660 661 662 663 664 665 666 667 668 669 670 671 672 673 674 675 676 677 678 679 680 681 682 683 684 748 812 876 940
656		656 657 658 659 660 661 662 663 664 665 666 667 668 669 670 671 672 673 674 675 676 677 678 679 680 681 682 683 684 748 812 876 940
657		657 658 659 660 661 662 663 664 665 666 667 668 669 670 671 672 673 674 675 676 677 678 679 680 681 682 683 684 748 812 876 940
658		658 659 660 661 662 663 664 665 666 667 668 669 670 671 672 673 674 675 676 677 678 679 680 681 682 683 684 748 812 876 940
659		659 660 661 662 663 664 665 666 667 668 669 670 671 672 673 674 675 676 677 678 679 680 681 682 683 684 748 812 876 940
660		660 661 662 663 664 665 666 667 668 669 670 671 672 673 674 675 676 677 678 679 680 681 682 683 684 748 812 876 940
661		661 662 663 664 665 666 667 668 669 670 671 672 673 674 675 676 677 678 679 680 681 682 683 684 748 812 876 940
662		662 663 664 665 666 667 668 669 670 671 672 673 674 675 676 677 678 679 680 681 682 683 684 748 812 876 940
663		663 664 665 666 667 668 669 670 671 672 673 674 675 676 677 678 679 680 681 682 683 684 748 812 876 940
664		664 665 666 667 668 669 670 671 672 673 674 675 676 677 678 679 680 681 682 683 684 748 812 876 940
665		665 666 667 668 669 670 671 672 673 674 675 676 677 678 679 680 681 682 683 684 748 812 876 940
666		666 667 668 669 670 671 672 673 674 675 676 677 678 679 680 681 682 683 684 748 812 876 940
667		667 668 669 670 671 672 673 674 675 676 677 678 679 680 681 682 683 684 748 812 876 940
668		668 669 670 671 672 673 674 675 676 677 678 679 680 681 682 683 684 748 812 876 940
669		669 670 671 672 673 674 675 676 677 678 679 680 681 682 683 684 748 812 876 940
670		670 671 672 673 674 675 676 677 678 679 680 681 682 683 684 748 812 876 940
671		671 672 673 674 675 676 677 678 679 680 681 682 683 684 748 812 876 940
672		672 673 674 675 676 677 678 679 680 681 682 683 684 748 812 876 940
673		673 674 675 676 677 678 679 680 681 682 683 684 748 812 876 940
674		674 675 676 677 678 679 680 681 682 683 684 748 812 876 940
675		675 676 677 678 679 680 681 682 683 684 748 812 876 940
676		676 677 678 679 680 681 682 683 684 748 812 876 940
677		677 678 679 680 681 682 683 684 748 812 876 940
678		678 679 680 681 682 683 684 748 812 876 940
679		679 680 681 682 683 684 748 812 876 940
680		680 681 682 683 684 748 812 876 940
681		681 682 683 684 748 812 876 940
682		682 683 684 748 812 876 940
683		683 684 748 812 876 940
684		684 748 812 876 940
685		685 686 687 688 689
686		686 687 688 689
687		687 688 689
688		688 689
748		748 812 876 940
812		812 876 940
876		876 940
592		592 656 720 721 722 786 787 723 659 660 661 662 663 664 665 666 667 668 669 670 671 672 673 674 675 676 677 678 679 680 681 682 683 684 748 812 876 940
720		720 721 722 723 724 725 726 727 728 729 730 731 732 733 734 735 736 737 738 739 740 741 742 743 744 745 746 747 748 749 750 751 752
721		721 722 723 724 725 726 727 728 729 730 731 732 733 734 735 736 737 738 739 740 741 742 743 744 745 746 747 748 749 750 751 752
722		722 723 724 725 726 727 728 729 730 731 732 733 734 735 736 737 738 739 740 741 742 743 744 745 746 747 748 749 750 751 752
786		786 787 788 789 790 791 792 793 794 795 796 797 798 799 800 801 802 803 804 805 806 807 808 809 810 811 812 813 814 815 816
787		787 788 789 790 791 792 793 794 795 796 797 798 799 800 801 802 803 804 805 806 807 808 809 810 811 812 813 814 815 816
723		723 724 725 726 727 728 729 730 731 732 733 734 735 736 737 738 739 740 741 742 743 744 745 746 747 748 749 750 751 752
595		595 596 660 724 788 789 725 661 662 663 664 665 666 667 668 669 670 671 672 673 674 675 676 677 678 679 680 681 682 683 684 748 812 876 940
596		596 660 724 788 789 725 661 662 663 664 665 666 667 668 669 670 671 672 673 674 675 676 677 678 679 680 681 682 683 684 748 812 876 940
724		724 725 726 727 728 729 730 731 732 733 734 735 736 737 738 739 740 741 742 743 744 745 746 747 748 749 750 751 752
788		788 789 790 791 792 793 794 795 796 797 798 799 800 801 802 803 804 805 806 807 808 809 810 811 812 813 814 815 816
789		789 790 791 792 793 794 795 796 797 798 799 800 801 802 803 804 805 806 807 808 809 810 811 812 813 814 815 816
725		725 726 727 728 729 730 731 732 733 734 735 736 737 738 739 740 741 742 743 744 745 746 747 748 749 750 751 752
597		597 598 662 663 727 791 792 728 664 665 666 667 668 669 670 671 672 673 674 675 676 677 678 679 680 681 682 683 684 748 812 876 940
598		598 662 663 727 791 792 728 664 665 666 667 668 669 670 671 672 673 674 675 676 677 678 679 680 681 682 683 684 748 812 876 940
727		727 728 729 730 731 732 733 734 735 736 737 738 739 740 741 742 743 744 745 746 747 748 749 750 751 752
791		791 792 793 794 795 796 797 798 799 800 801 802 803 804 805 806 807 808 809 810 811 812 813 814 815 816
792		792 793 794 795 796 797 798 799 800 801 802 803 804 805 806 807 808 809 810 811 812 813 814 815 816
728		728 729 730 731 732 733 734 735 736 737 738 739 740 741 742 743 744 745 746 747 748 749 750 751 752
599		599 663 664 665 666 730 794 795 731 667 668 669 670 671 672 673 674 675 676 677 678 679 680 681 682 683 684 748 812 876 940
729		729 730 731 732 733 734 735 736 737 738 739 740 741 742 743 744 745 746 747 748 749 750 751 752
793		793 794 795 796 797 798 799 800 801 802 803 804 805 806 807 808 809 810 811 812 813 814 815 816
794		794 795 796 797 798 799 800 801 802 803 804 805 806 807 808 809 810 811 812 813 814 815 816
730		730 731 732 733 734 735 736 737 738 739 740 741 742 743 744 745 746 747 748 749 750 751 752
795		795 796 797 798 799 800 801 802 803 804 805 806 807 808 809 810 811 812 813 814 815 816
731		731 732 733 734 735 736 737 738 739 740 741 742 743 744 745 746 747 748 749 750 751 752
600		600 664 665 729 793 794 730 666 667 668 669 670 671 672 673 674 675 676 677 678 679 680 681 682 683 684 748 812 876 940
601		601 665 729 730 731 732 796 797 733 669 670 671 672 673 674 675 676 677 678 679 680 681 682 683 684 748 812 876 940
732		732 733 734 735 736 737 738 739 740 741 742 743 744 745 746 747 748 749 750 751 752
796		796 797 798 799 800 801 802 803 804 805 806 807 808 809 810 811 812 813 814 815 816
797		797 798 799 800 801 802 803 804 805 806 807 808 809 810 811 812 813 814 815 816
733		733 734 798 799 800 801 802 803 804 805 806 807 808 809 873 937 938 939 940
602		602 666 667 668 732 796 797 733 669 670 671 672 673 674 675 676 677 678 679 680 681 682 683 684 748 812 876 940
603		603 667 731 732 796 797 733 669 670 671 672 673 674 675 676 677 678 679 680 681 682 683 684 748 812 876 940
604		604 668 669 670 734 735 799 800 801 802 803 804 805 806 807 808 809 873 937 938 939 940
734		734 735 799 800 801 802 803 804 805 806 807 808 809 873 937 938 939 940
735		735 799 800 801 802 803 804 805 806 807 808 809 873 937 938 939 940
799		799 800 801 802 803 804 805 806 807 808 809 873 937 938 939 940
800		800 801 802 803 804 805 806 807 808 809 873 937 938 939 940
801		801 802 803 804 805 806 807 808 809 873 937 938 939 940
802		802 803 804 805 806 807 808 809 873 937 938 939 940
803		803 804 805 806 807 808 809 873 937 938 939 940
804		804 805 806 807 808 809 873 937 938 939 940
805		805 806 807 808 809 873 937 938 939 940
806		806 807 808 809 873 937 938 939 940
807		807 808 809 873 937 938 939 940
808		808 809 873 937 938 939 940
809		809 873 937 938 939 940
873		873 937 938 939 940
937		937 938 939 940
1001		1001 1002 1003 1004
1002		1002 1003 1004
1003		1003 1004
938		938 939 940
939		939 940
605		605 669 733 734 798 799 800 801 802 803 804 805 806 807 808 809 873 937 938 939 940
736		736 737 801 802 803 804 805 806 807 808 809 873 937 938 939 940
798		798 799 800 801 802 803 804 805 806 807 808 809 873 937 938 939 940
606		606 607 671 735 736 737 801 802 803 804 805 806 807 808 809 873 937 938 939 940
607		607 671 735 736 737 801 802 803 804 805 806 807 808 809 873 937 938 939 940
737		737 801 802 803 804 805 806 807 808 809 873 937 938 939 940
608		608 672 736 737 738 739 803 804 805 806 807 808 809 873 937 938 939 940
738		738 739 803 804 805 806 807 808 809 873 937 938 939 940
739		739 803 804 805 806 807 808 809 873 937 938 939 940
609		609 673 737 738 802 803 804 805 806 807 808 809 873 937 938 939 940
610		610 674 738 802 803 739 675 676 677 678 679 680 681 682 683 684 685 686 687 688 689
611		611 612 613 677 678 742 806 807 808 809 873 937 938 939 940
612		612 613 677 678 742 806 807 808 809 873 937 938 939 940
740		740 741 742 743 744 745 746 747 748 749 750 751 752
741		741 742 743 744 745 746 747 748 749 750 751 752
613		613 677 678 742 806 807 808 809 873 937 938 939 940
742		742 806 807 808 809 873 937 938 939 940
614		614 678 742 743 744 808 809 873 937 938 939 940
743		743 744 808 809 873 937 938 939 940
744		744 808 809 873 937 938 939 940
617		617 681 745 809 873 874 875 939 940
745		745 809 873 874 875 939 940
874		874 875 939 940
875		875 939 940
618		618 682 746 810 811 875 939 940
746		746 810 811 875 939 940
810		810 811 875 939 940
811		811 875 939 940
619		619 683 747 748 812 876 940
747		747 748 812 876 940
749		749 813 877 941
813		813 877 941
877		877 941
622		622 623 624
623		623 624
624		624 625
625		625 561
626		626 562
627		627 563
628		628 564
632		632 631 695 694 693
635		635 699 698 697 696 695 694 693
699		699 698 697 696 695 694 693
763		763 762 761 760 759 758 757
636		636 635 699 698 697 696 695 694 693
637		637 701 700 699 698 697 696 695 694 693
701		701 700 699 698 697 696 695 694 693
765		765 764 763 762 761 760 759 758 757
829		829 828 827 826 825 824 823 822 821
893		893 892 891 890 889 888 887 886 885
892		892 891 890 889 888 887 886 885
891		891 890 889 888 887 886 885
890		890 889 888 887 886 885
889		889 888 887 886 885
888		888 887 886 885
887		887 886 885
886		886 885
700		700 699 698 697 696 695 694 693
638		638 637 701 700 699 698 697 696 695 694 693
639		639 703 702 701 700 699 698 697 696 695 694 693
703		703 702 701 700 699 698 697 696 695 694 693
767		767 766 765 764 763 762 761 760 759 758 757
766		766 765 764 763 762 761 760 759 758 757
830		830 829 828 827 826 825 824 823 822 821
828		828 827 826 825 824 823 822 821
827		827 826 825 824 823 822 821
826		826 825 824 823 822 821
825		825 824 823 822 821
824		824 823 822 821
823		823 822 821
822		822 821
764		764 763 762 761 760 759 758 757
702		702 701 700 699 698 697 696 695 694 693
640		640 639 638 702 701 700 699 698 697 696 695 694 693
651		651 715 716 717 718 782 783 719 655 656 657 658 659 660 661 662 663 664 665 666 667 668 669 670 671 672 673 674 675 676 677 678 679 680 681 682 683 684 748 812 876 940
715		715 716 717 718 719 720 721 722 723 724 725 726 727 728 729 730 731 732 733 734 735 736 737 738 739 740 741 742 743 744 745 746 747 748 749 750 751 752
779		779 780 781 782 783 784 785 786 787 788 789 790 791 792 793 794 795 796 797 798 799 800 801 802 803 804 805 806 807 808 809 810 811 812 813 814 815 816
843		843 844 845 846 782 783 784 785 786 787 788 789 790 791 792 793 794 795 796 797 798 799 800 801 802 803 804 805 806 807 808 809 810 811 812 813 814 815 816
907		907 843 844 845 846 782 783 784 785 786 787 788 789 790 791 792 793 794 795 796 797 798 799 800 801 802 803 804 805 806 807 808 809 810 811 812 813 814 815 816
906		906 842 843 844 845 846 782 783 784 785 786 787 788 789 790 791 792 793 794 795 796 797 798 799 800 801 802 803 804 805 806 807 808 809 810 811 812 813 814 815 816
905		905 904 903 967 968 969 970 971 972 908 844 845 846 782 783 784 785 786 787 788 789 790 791 792 793 794 795 796 797 798 799 800 801 802 803 804 805 806 807 808 809 810 811 812 813 814 815 816
904		904 968 969 970 971 907 843 844 845 846 782 783 784 785 786 787 788 789 790 791 792 793 794 795 796 797 798 799 800 801 802 803 804 805 806 807 808 809 810 811 812 813 814 815 816
903		903 967 968 969 970 971 972 908 844 845 846 782 783 784 785 786 787 788 789 790 791 792 793 794 795 796 797 798 799 800 801 802 803 804 805 806 807 808 809 810 811 812 813 814 815 816
967		967 968 969 970 971 972 908 844 845 846 782 783 784 785 786 787 788 789 790 791 792 793 794 795 796 797 798 799 800 801 802 803 804 805 806 807 808 809 810 811 812 813 814 815 816
968		968 969 970 971 972 908 844 845 846 782 783 784 785 786 787 788 789 790 791 792 793 794 795 796 797 798 799 800 801 802 803 804 805 806 807 808 809 810 811 812 813 814 815 816
969		969 970 971 972 908 844 845 846 782 783 784 785 786 787 788 789 790 791 792 793 794 795 796 797 798 799 800 801 802 803 804 805 806 807 808 809 810 811 812 813 814 815 816
970		970 971 972 908 844 845 846 782 783 784 785 786 787 788 789 790 791 792 793 794 795 796 797 798 799 800 801 802 803 804 805 806 807 808 809 810 811 812 813 814 815 816
971		971 972 908 844 845 846 782 783 784 785 786 787 788 789 790 791 792 793 794 795 796 797 798 799 800 801 802 803 804 805 806 807 808 809 810 811 812 813 814 815 816
972		972 908 844 845 846 782 783 784 785 786 787 788 789 790 791 792 793 794 795 796 797 798 799 800 801 802 803 804 805 806 807 808 809 810 811 812 813 814 815 816
908		908 844 845 846 782 783 784 785 786 787 788 789 790 791 792 793 794 795 796 797 798 799 800 801 802 803 804 805 806 807 808 809 810 811 812 813 814 815 816
844		844 845 846 782 783 784 785 786 787 788 789 790 791 792 793 794 795 796 797 798 799 800 801 802 803 804 805 806 807 808 809 810 811 812 813 814 815 816
845		845 846 782 783 784 785 786 787 788 789 790 791 792 793 794 795 796 797 798 799 800 801 802 803 804 805 806 807 808 809 810 811 812 813 814 815 816
846		846 782 783 784 785 786 787 788 789 790 791 792 793 794 795 796 797 798 799 800 801 802 803 804 805 806 807 808 809 810 811 812 813 814 815 816
784		784 785 786 787 788 789 790 791 792 793 794 795 796 797 798 799 800 801 802 803 804 805 806 807 808 809 810 811 812 813 814 815 816
785		785 786 787 788 789 790 791 792 793 794 795 796 797 798 799 800 801 802 803 804 805 806 807 808 809 810 811 812 813 814 815 816
790		790 791 792 793 794 795 796 797 798 799 800 801 802 803 804 805 806 807 808 809 810 811 812 813 814 815 816
814		814 815 816
815		815 816
716		716 717 718 719 720 721 722 723 724 725 726 727 728 729 730 731 732 733 734 735 736 737 738 739 740 741 742 743 744 745 746 747 748 749 750 751 752
652		652 653 654 718 719 783 784 720 656 657 658 659 660 661 662 663 664 665 666 667 668 669 670 671 672 673 674 675 676 677 678 679 680 681 682 683 684 748 812 876 940
842		842 843 844 845 846 782 783 784 785 786 787 788 789 790 791 792 793 794 795 796 797 798 799 800 801 802 803 804 805 806 807 808 809 810 811 812 813 814 815 816
654		654 718 719 783 784 720 656 657 658 659 660 661 662 663 664 665 666 667 668 669 670 671 672 673 674 675 676 677 678 679 680 681 682 683 684 748 812 876 940
689		689 625
690		690 626
691		691 692
692		692 628
693		693 757
704		704 703 702 701 700 699 698 697 696 695 694 693
726		726 727 728 729 730 731 732 733 734 735 736 737 738 739 740 741 742 743 744 745 746 747 748 749 750 751 752
750		750 751 752
751		751 752
752		752 753
753		753 754
754		754 690
755		755 691
756		756 692
757		757 693
768		768 767 766 765 764 763 762 761 760 759 758 757
832		832 831 830 829 828 827 826 825 824 823 822 821
831		831 830 829 828 827 826 825 824 823 822 821
896		896 895 831 767 766 765 764 763 762 761 760 759 758 757
895		895 831 767 766 765 764 763 762 761 760 759 758 757
780		780 781 782 783 784 785 786 787 788 789 790 791 792 793 794 795 796 797 798 799 800 801 802 803 804 805 806 807 808 809 810 811 812 813 814 815 816
781		781 782 783 784 785 786 787 788 789 790 791 792 793 794 795 796 797 798 799 800 801 802 803 804 805 806 807 808 809 810 811 812 813 814 815 816
816		816 752
817		817 753
818		818 754
819		819 820
820		820 756
821		821 757
839		839 903 904 968 969 970 971 907 843 844 845 846 782 783 784 785 786 787 788 789 790 791 792 793 794 795 796 797 798 799 800 801 802 803 804 805 806 807 808 809 810 811 812 813 814 815 816
878		878 879
879		879 880
880		880 816
881		881 817
882		882 818
883		883 884
884		884 948
885		885 884
894		894 893 892 891 890 889 888 887 886 885
909		909 910 846 782 783 784 785 786 787 788 789 790 791 792 793 794 795 796 797 798 799 800 801 802 803 804 805 806 807 808 809 810 811 812 813 814 815 816
910		910 846 782 783 784 785 786 787 788 789 790 791 792 793 794 795 796 797 798 799 800 801 802 803 804 805 806 807 808 809 810 811 812 813 814 815 816
940		940 1004
941		941 940
942		942 943
943		943 879
944		944 880
945		945 881
946		946 947
947		947 883
948		948 884
949		949 885
950		950 1014
951		951 950
952		952 951 950
1016		1016 1080 1079
1080		1080 1079
953		953 952 951 950
954		954 953 952 951 950
973		973 909 910 846 782 783 784 785 786 787 788 789 790 791 792 793 794 795 796 797 798 799 800 801 802 803 804 805 806 807 808 809 810 811 812 813 814 815 816
974		974 910 846 782 783 784 785 786 787 788 789 790 791 792 793 794 795 796 797 798 799 800 801 802 803 804 805 806 807 808 809 810 811 812 813 814 815 816
975		975 974 910 846 845 844 843 779 780 781 782 783 784 785 786 787 788 789 790 791 792 793 794 795 796 797 798 799 800 801 802 803 804 805 806 807 808 809 810 811 812 813 814 815 816
976		976 975 974 910 909 845 844 843 779 780 781 782 783 784 785 786 787 788 789 790 791 792 793 794 795 796 797 798 799 800 801 802 803 804 805 806 807 808 809 810 811 812 813 814 815 816
1004		1004 940
1005		1005 941
1006		1006 942
1007		1007 943
1008		1008 1009
1009		1009 945
1010		1010 946
1011		1011 947
1012		1012 948
1013		1013 949
1014		1014 950
1015		1015 1079
1017		1017 1016 1015 1014
1018		1018 954 953 952 951 950
1037		1037 973 974 910 846 782 783 784 785 786 787 788 789 790 791 792 793 794 795 796 797 798 799 800 801 802 803 804 805 806 807 808 809 810 811 812 813 814 815 816
1038		1038 974 910 846 782 783 784 785 786 787 788 789 790 791 792 793 794 795 796 797 798 799 800 801 802 803 804 805 806 807 808 809 810 811 812 813 814 815 816
1039		1039 975 974 910 846 845 844 843 779 780 781 782 783 784 785 786 787 788 789 790 791 792 793 794 795 796 797 798 799 800 801 802 803 804 805 806 807 808 809 810 811 812 813 814 815 816
1068		1068 1004
1069		1069 1005
1070		1070 1069
1071		1071 1072
1072		1072 1073
1073		1073 1009
1074		1074 1010
1075		1075 1011
1076		1076 1012
1077		1077 1141
1078		1078 1014
1079		1079 1143
1081		1081 1080 1079
1082		1082 1081 1080 1079
1101		1101 1037 973 974 910 846 782 783 784 785 786 787 788 789 790 791 792 793 794 795 796 797 798 799 800 801 802 803 804 805 806 807 808 809 810 811 812 813 814 815 816
1102		1102 1038 974 910 846 782 783 784 785 786 787 788 789 790 791 792 793 794 795 796 797 798 799 800 801 802 803 804 805 806 807 808 809 810 811 812 813 814 815 816
1103		1103 1039 1038 1037 973 909 845 844 843 779 780 781 782 783 784 785 786 787 788 789 790 791 792 793 794 795 796 797 798 799 800 801 802 803 804 805 806 807 808 809 810 811 812 813 814 815 816
1132		1132 1068
1133		1133 1069
1134		1134 1070
1135		1135 1071
1136		1136 1072
1137		1137 1073
1138		1138 1074
1139		1139 1075
1140		1140 1076
1141		1141 1077
1142		1142 1078
1143		1143 1079
1144		1144 1143
1145		1145 1144 1143
1146		1146 1145 1144 1143
1165		1165 1101 1037 973 909 908 907 906 842 843 844 845 846 782 783 784 785 786 787 788 789 790 791 792 793 794 795 796 797 798 799 800 801 802 803 804 805 806 807 808 809 810 811 812 813 814 815 816
1166		1166 1102 1038 974 910 846 845 844 843 779 780 781 782 783 784 785 786 787 788 789 790 791 792 793 794 795 796 797 798 799 800 801 802 803 804 805 806 807 808 809 810 811 812 813 814 815 816
1167		1167 1166 1102 1038 974 910 846 845 844 843 779 780 781 782 783 784 785 786 787 788 789 790 791 792 793 794 795 796 797 798 799 800 801 802 803 804 805 806 807 808 809 810 811 812 813 814 815 816
1196		1196 1132
1229		1229 1165 1101 1037 1038 974 910 909 908 907 906 842 843 844 845 846 782 783 784 785 786 787 788 789 790 791 792 793 794 795 796 797 798 799 800 801 802 803 804 805 806 807 808 809 810 811 812 813 814 815 816
1230		1230 1166 1102 1101 1037 973 909 908 907 906 842 843 844 845 846 782 783 784 785 786 787 788 789 790 791 792 793 794 795 796 797 798 799 800 801 802 803 804 805 806 807 808 809 810 811 812 813 814 815 816
1231		1231 1230 1166 1102 1101 1037 973 909 908 907 906 842 843 844 845 846 782 783 784 785 786 787 788 789 790 791 792 793 794 795 796 797 798 799 800 801 802 803 804 805 806 807 808 809 810 811 812 813 814 815 816
1260		1260 1196
1293		1293 1229 1230 1166 1167 1103 1102 1101 1037 973 909 908 907 906 842 843 844 845 846 782 783 784 785 786 787 788 789 790 791 792 793 794 795 796 797 798 799 800 801 802 803 804 805 806 807 808 809 810 811 812 813 814 815 816
1294		1294 1230 1166 1102 1101 1037 973 972 971 970 969 968 967 903 904 905 906 907 908 909 910 846 845 844 843 779 780 781 782 783 784 785 786 787 788 789 790 791 792 793 794 795 796 797 798 799 800 801 802 803 804 805 806 807 808 809 810 811 812 813 814 815 816
1295		1295 1231 1167 1103 1102 1101 1037 973 972 971 970 969 968 967 903 904 905 906 907 908 909 910 846 845 844 843 779 780 781 782 783 784 785 786 787 788 789 790 791 792 793 794 795 796 797 798 799 800 801 802 803 804 805 806 807 808 809 810 811 812 813 814 815 816
1324		1324 1260
1357		1357 1293 1229 1230 1166 1167 1103 1102 1101 1037 973 972 971 970 969 968 967 903 904 905 906 907 908 909 910 846 845 844 843 779 780 781 782 783 784 785 786 787 788 789 790 791 792 793 794 795 796 797 798 799 800 801 802 803 804 805 806 807 808 809 810 811 812 813 814 815 816
1358		1358 1294 1230 1166 1102 1101 1037 973 972 971 970 969 968 967 903 904 905 906 907 908 909 910 846 845 844 843 779 780 781 782 783 784 785 786 787 788 789 790 791 792 793 794 795 796 797 798 799 800 801 802 803 804 805 806 807 808 809 810 811 812 813 814 815 816
1359		1359 1295 1294 1293 1229 1165 1101 1102 1103 1039 1038 1037 973 972 971 970 969 968 967 903 904 905 906 907 908 909 910 846 845 844 843 779 780 781 782 783 784 785 786 787 788 789 790 791 792 793 794 795 796 797 798 799 800 801 802 803 804 805 806 807 808 809 810 811 812 813 814 815 816
1388		1388 1452
1421		1421 1357 1293 1229 1165 1166 1167 1103 1102 1101 1037 973 972 971 970 969 968 967 903 904 905 906 907 908 909 910 846 845 844 843 779 780 781 782 783 784 785 786 787 788 789 790 791 792 793 794 795 796 797 798 799 800 801 802 803 804 805 806 807 808 809 810 811 812 813 814 815 816
1422		1422 1358 1294 1230 1166 1102 1101 1037 973 972 971 970 969 968 967 903 904 905 906 907 908 909 910 846 845 844 843 779 780 781 782 783 784 785 786 787 788 789 790 791 792 793 794 795 796 797 798 799 800 801 802 803 804 805 806 807 808 809 810 811 812 813 814 815 816
1423		1423 1359 1358 1294 1230 1229 1165 1166 1167 1103 1102 1101 1037 973 972 971 970 969 968 967 903 904 905 906 907 908 909 910 846 845 844 843 779 780 781 782 783 784 785 786 787 788 789 790 791 792 793 794 795 796 797 798 799 800 801 802 803 804 805 806 807 808 809 810 811 812 813 814 815 816
1424		1424 1423 1422 1358 1357 1293 1294 1295 1231 1230 1229 1165 1166 1167 1103 1102 1101 1037 973 972 971 970 969 968 967 903 904 905 906 907 908 909 910 846 845 844 843 779 780 781 782 783 784 785 786 787 788 789 790 791 792 793 794 795 796 797 798 799 800 801 802 803 804 805 806 807 808 809 810 811 812 813 814 815 816
1488		1488 1424 1423 1422 1421 1357 1358 1359 1295 1294 1293 1229 1230 1231 1167 1166 1165 1101 1102 1103 1039 1038 1037 973 972 971 970 969 968 967 903 904 905 906 907 908 909 910 846 845 844 843 779 780 781 782 783 784 785 786 787 788 789 790 791 792 793 794 795 796 797 798 799 800 801 802 803 804 805 806 807 808 809 810 811 812 813 814 815 816
1552		1552 1488 1424 1423 1422 1421 1357 1358 1359 1295 1294 1293 1229 1230 1231 1167 1166 1165 1101 1102 1103 1039 1038 1037 973 972 971 970 969 968 967 903 904 905 906 907 908 909 910 846 845 844 843 779 780 781 782 783 784 785 786 787 788 789 790 791 792 793 794 795 796 797 798 799 800 801 802 803 804 805 806 807 808 809 810 811 812 813 814 815 816
1553		1553 1554 1490 1489 1488 1487 1486 1485 1421 1422 1423 1359 1358 1357 1293 1294 1295 1231 1230 1229 1165 1166 1167 1103 1102 1101 1037 973 972 971 970 969 968 967 903 904 905 906 907 908 909 910 846 845 844 843 779 780 781 782 783 784 785 786 787 788 789 790 791 792 793 794 795 796 797 798 799 800 801 802 803 804 805 806 807 808 809 810 811 812 813 814 815 816
1617		1617 1618 1554 1553 1552 1551 1550 1549 1485 1486 1487 1488 1424 1423 1422 1421 1357 1358 1359 1295 1294 1293 1229 1230 1231 1167 1166 1165 1101 1102 1103 1039 1038 1037 973 972 971 970 969 968 967 903 904 905 906 907 908 909 910 846 845 844 843 779 780 781 782 783 784 785 786 787 788 789 790 791 792 793 794 795 796 797 798 799 800 801 802 803 804 805 806 807 808 809 810 811 812 813 814 815 816
1618		1618 1554 1553 1552 1551 1550 1549 1485 1486 1487 1488 1424 1423 1422 1421 1357 1358 1359 1295 1294 1293 1229 1230 1231 1167 1166 1165 1101 1102 1103 1039 1038 1037 973 972 971 970 969 968 967 903 904 905 906 907 908 909 910 846 845 844 843 779 780 781 782 783 784 785 786 787 788 789 790 791 792 793 794 795 796 797 798 799 800 801 802 803 804 805 806 807 808 809 810 811 812 813 814 815 816
1682		1682 1618 1617 1616 1615 1614 1613 1549 1550 1551 1552 1553 1554 1490 1489 1488 1487 1486 1485 1421 1422 1423 1359 1358 1357 1293 1294 1295 1231 1230 1229 1165 1166 1167 1103 1102 1101 1037 973 972 971 970 969 968 967 903 904 905 906 907 908 909 910 846 845 844 843 779 780 781 782 783 784 785 786 787 788 789 790 791 792 793 794 795 796 797 798 799 800 801 802 803 804 805 806 807 808 809 810 811 812 813 814 815 816
1746		1746 1682 1618 1617 1616 1615 1614 1613 1549 1550 1551 1552 1553 1554 1490 1489 1488 1487 1486 1485 1421 1422 1423 1359 1358 1357 1293 1294 1295 1231 1230 1229 1165 1166 1167 1103 1102 1101 1037 973 972 971 970 969 968 967 903 904 905 906 907 908 909 910 846 845 844 843 779 780 781 782 783 784 785 786 787 788 789 790 791 792 793 794 795 796 797 798 799 800 801 802 803 804 805 806 807 808 809 810 811 812 813 814 815 816
1747		1747 1748 1749 1750 1814 1813 1812 1811 1810 1809 1808 1807 1806 1870 1869 1805 1741 1742 1743 1679 1615 1551 1487 1423 1359 1358 1357 1293 1294 1295 1231 1230 1229 1165 1166 1167 1103 1102 1101 1037 973 972 971 970 969 968 967 903 904 905 906 907 908 909 910 846 845 844 843 779 780 781 782 783 784 785 786 787 788 789 790 791 792 793 794 795 796 797 798 799 800 801 802 803 804 805 806 807 808 809 810 811 812 813 814 815 816
1748		1748 1749 1750 1814 1813 1812 1811 1810 1809 1808 1807 1806 1870 1869 1805 1741 1742 1743 1679 1615 1551 1487 1423 1359 1358 1357 1293 1294 1295 1231 1230 1229 1165 1166 1167 1103 1102 1101 1037 973 972 971 970 969 968 967 903 904 905 906 907 908 909 910 846 845 844 843 779 780 781 782 783 784 785 786 787 788 789 790 791 792 793 794 795 796 797 798 799 800 801 802 803 804 805 806 807 808 809 810 811 812 813 814 815 816
1749		1749 1750 1814 1813 1812 1811 1810 1809 1808 1807 1806 1870 1869 1805 1741 1742 1743 1679 1615 1551 1487 1423 1359 1358 1357 1293 1294 1295 1231 1230 1229 1165 1166 1167 1103 1102 1101 1037 973 972 971 970 969 968 967 903 904 905 906 907 908 909 910 846 845 844 843 779 780 781 782 783 784 785 786 787 788 789 790 791 792 793 794 795 796 797 798 799 800 801 802 803 804 805 806 807 808 809 810 811 812 813 814 815 816
1750		1750 1814 1813 1812 1811 1810 1809 1808 1807 1806 1870 1869 1805 1741 1742 1743 1679 1615 1551 1487 1423 1359 1358 1357 1293 1294 1295 1231 1230 1229 1165 1166 1167 1103 1102 1101 1037 973 972 971 970 969 968 967 903 904 905 906 907 908 909 910 846 845 844 843 779 780 781 782 783 784 785 786 787 788 789 790 791 792 793 794 795 796 797 798 799 800 801 802 803 804 805 806 807 808 809 810 811 812 813 814 815 816
1814		1814 1813 1812 1811 1810 1809 1808 1807 1806 1870 1869 1805 1741 1742 1743 1679 1615 1551 1487 1423 1359 1358 1357 1293 1294 1295 1231 1230 1229 1165 1166 1167 1103 1102 1101 1037 973 972 971 970 969 968 967 903 904 905 906 907 908 909 910 846 845 844 843 779 780 781 782 783 784 785 786 787 788 789 790 791 792 793 794 795 796 797 798 799 800 801 802 803 804 805 806 807 808 809 810 811 812 813 814 815 816
1813		1813 1812 1811 1810 1809 1808 1807 1806 1870 1869 1805 1741 1742 1743 1679 1615 1551 1487 1423 1359 1358 1357 1293 1294 1295 1231 1230 1229 1165 1166 1167 1103 1102 1101 1037 973 972 971 970 969 968 967 903 904 905 906 907 908 909 910 846 845 844 843 779 780 781 782 783 784 785 786 787 788 789 790 791 792 793 794 795 796 797 798 799 800 801 802 803 804 805 806 807 808 809 810 811 812 813 814 815 816
1812		1812 1811 1810 1809 1808 1807 1806 1870 1869 1805 1741 1742 1743 1679 1615 1551 1487 1423 1359 1358 1357 1293 1294 1295 1231 1230 1229 1165 1166 1167 1103 1102 1101 1037 973 972 971 970 969 968 967 903 904 905 906 907 908 909 910 846 845 844 843 779 780 781 782 783 784 785 786 787 788 789 790 791 792 793 794 795 796 797 798 799 800 801 802 803 804 805 806 807 808 809 810 811 812 813 814 815 816
1811		1811 1810 1809 1808 1807 1806 1870 1869 1805 1741 1742 1743 1679 1615 1551 1487 1423 1359 1358 1357 1293 1294 1295 1231 1230 1229 1165 1166 1167 1103 1102 1101 1037 973 972 971 970 969 968 967 903 904 905 906 907 908 909 910 846 845 844 843 779 780 781 782 783 784 785 786 787 788 789 790 791 792 793 794 795 796 797 798 799 800 801 802 803 804 805 806 807 808 809 810 811 812 813 814 815 816
1810		1810 1809 1808 1807 1806 1870 1869 1805 1741 1742 1743 1679 1615 1551 1487 1423 1359 1358 1357 1293 1294 1295 1231 1230 1229 1165 1166 1167 1103 1102 1101 1037 973 972 971 970 969 968 967 903 904 905 906 907 908 909 910 846 845 844 843 779 780 781 782 783 784 785 786 787 788 789 790 791 792 793 794 795 796 797 798 799 800 801 802 803 804 805 806 807 808 809 810 811 812 813 814 815 816
1809		1809 1808 1807 1806 1870 1869 1805 1741 1742 1743 1679 1615 1551 1487 1423 1359 1358 1357 1293 1294 1295 1231 1230 1229 1165 1166 1167 1103 1102 1101 1037 973 972 971 970 969 968 967 903 904 905 906 907 908 909 910 846 845 844 843 779 780 781 782 783 784 785 786 787 788 789 790 791 792 793 794 795 796 797 798 799 800 801 802 803 804 805 806 807 808 809 810 811 812 813 814 815 816
1808		1808 1807 1806 1870 1869 1805 1741 1742 1743 1679 1615 1551 1487 1423 1359 1358 1357 1293 1294 1295 1231 1230 1229 1165 1166 1167 1103 1102 1101 1037 973 972 971 970 969 968 967 903 904 905 906 907 908 909 910 846 845 844 843 779 780 781 782 783 784 785 786 787 788 789 790 791 792 793 794 795 796 797 798 799 800 801 802 803 804 805 806 807 808 809 810 811 812 813 814 815 816
1807		1807 1806 1870 1869 1805 1741 1742 1743 1679 1615 1551 1487 1423 1359 1358 1357 1293 1294 1295 1231 1230 1229 1165 1166 1167 1103 1102 1101 1037 973 972 971 970 969 968 967 903 904 905 906 907 908 909 910 846 845 844 843 779 780 781 782 783 784 785 786 787 788 789 790 791 792 793 794 795 796 797 798 799 800 801 802 803 804 805 806 807 808 809 810 811 812 813 814 815 816
1806		1806 1870 1869 1805 1741 1742 1743 1679 1615 1551 1487 1423 1359 1358 1357 1293 1294 1295 1231 1230 1229 1165 1166 1167 1103 1102 1101 1037 973 972 971 970 969 968 967 903 904 905 906 907 908 909 910 846 845 844 843 779 780 781 782 783 784 785 786 787 788 789 790 791 792 793 794 795 796 797 798 799 800 801 802 803 804 805 806 807 808 809 810 811 812 813 814 815 816
1870		1870 1869 1805 1741 1742 1743 1679 1615 1551 1487 1423 1359 1358 1357 1293 1294 1295 1231 1230 1229 1165 1166 1167 1103 1102 1101 1037 973 972 971 970 969 968 967 903 904 905 906 907 908 909 910 846 845 844 843 779 780 781 782 783 784 785 786 787 788 789 790 791 792 793 794 795 796 797 798 799 800 801 802 803 804 805 806 807 808 809 810 811 812 813 814 815 816
1869		1869 1805 1741 1742 1743 1679 1615 1551 1487 1423 1359 1358 1357 1293 1294 1295 1231 1230 1229 1165 1166 1167 1103 1102 1101 1037 973 972 971 970 969 968 967 903 904 905 906 907 908 909 910 846 845 844 843 779 780 781 782 783 784 785 786 787 788 789 790 791 792 793 794 795 796 797 798 799 800 801 802 803 804 805 806 807 808 809 810 811 812 813 814 815 816
1805		1805 1741 1742 1743 1679 1615 1551 1487 1423 1359 1358 1357 1293 1294 1295 1231 1230 1229 1165 1166 1167 1103 1102 1101 1037 973 972 971 970 969 968 967 903 904 905 906 907 908 909 910 846 845 844 843 779 780 781 782 783 784 785 786 787 788 789 790 791 792 793 794 795 796 797 798 799 800 801 802 803 804 805 806 807 808 809 810 811 812 813 814 815 816
1741		1741 1742 1743 1679 1615 1551 1487 1423 1359 1358 1357 1293 1294 1295 1231 1230 1229 1165 1166 1167 1103 1102 1101 1037 973 972 971 970 969 968 967 903 904 905 906 907 908 909 910 846 845 844 843 779 780 781 782 783 784 785 786 787 788 789 790 791 792 793 794 795 796 797 798 799 800 801 802 803 804 805 806 807 808 809 810 811 812 813 814 815 816
1742		1742 1743 1679 1615 1551 1487 1423 1359 1358 1357 1293 1294 1295 1231 1230 1229 1165 1166 1167 1103 1102 1101 1037 973 972 971 970 969 968 967 903 904 905 906 907 908 909 910 846 845 844 843 779 780 781 782 783 784 785 786 787 788 789 790 791 792 793 794 795 796 797 798 799 800 801 802 803 804 805 806 807 808 809 810 811 812 813 814 815 816
1743		1743 1679 1615 1551 1487 1423 1359 1358 1357 1293 1294 1295 1231 1230 1229 1165 1166 1167 1103 1102 1101 1037 973 972 971 970 969 968 967 903 904 905 906 907 908 909 910 846 845 844 843 779 780 781 782 783 784 785 786 787 788 789 790 791 792 793 794 795 796 797 798 799 800 801 802 803 804 805 806 807 808 809 810 811 812 813 814 815 816
1679		1679 1615 1551 1487 1423 1359 1358 1357 1293 1294 1295 1231 1230 1229 1165 1166 1167 1103 1102 1101 1037 973 972 971 970 969 968 967 903 904 905 906 907 908 909 910 846 845 844 843 779 780 781 782 783 784 785 786 787 788 789 790 791 792 793 794 795 796 797 798 799 800 801 802 803 804 805 806 807 808 809 810 811 812 813 814 815 816
1615		1615 1551 1487 1423 1359 1358 1357 1293 1294 1295 1231 1230 1229 1165 1166 1167 1103 1102 1101 1037 973 972 971 970 969 968 967 903 904 905 906 907 908 909 910 846 845 844 843 779 780 781 782 783 784 785 786 787 788 789 790 791 792 793 794 795 796 797 798 799 800 801 802 803 804 805 806 807 808 809 810 811 812 813 814 815 816
1551		1551 1487 1423 1359 1358 1357 1293 1294 1295 1231 1230 1229 1165 1166 1167 1103 1102 1101 1037 973 972 971 970 969 968 967 903 904 905 906 907 908 909 910 846 845 844 843 779 780 781 782 783 784 785 786 787 788 789 790 791 792 793 794 795 796 797 798 799 800 801 802 803 804 805 806 807 808 809 810 811 812 813 814 815 816
1487		1487 1423 1359 1358 1357 1293 1294 1295 1231 1230 1229 1165 1166 1167 1103 1102 1101 1037 973 972 971 970 969 968 967 903 904 905 906 907 908 909 910 846 845 844 843 779 780 781 782 783 784 785 786 787 788 789 790 791 792 793 794 795 796 797 798 799 800 801 802 803 804 805 806 807 808 809 810 811 812 813 814 815 816
1452		1452 1388
1485		1485 1421 1357 1358 1359 1295 1294 1293 1229 1230 1231 1167 1103 1102 1101 1037 973 972 971 970 969 968 967 903 904 905 906 907 908 909 910 846 845 844 843 779 780 781 782 783 784 785 786 787 788 789 790 791 792 793 794 795 796 797 798 799 800 801 802 803 804 805 806 807 808 809 810 811 812 813 814 815 816
1486		1486 1422 1358 1294 1230 1229 1165 1166 1167 1103 1102 1101 1037 973 972 971 970 969 968 967 903 904 905 906 907 908 909 910 846 845 844 843 779 780 781 782 783 784 785 786 787 788 789 790 791 792 793 794 795 796 797 798 799 800 801 802 803 804 805 806 807 808 809 810 811 812 813 814 815 816
1489		1489 1488 1424 1423 1422 1421 1357 1358 1359 1295 1294 1293 1229 1230 1231 1167 1166 1165 1101 1102 1103 1039 1038 1037 973 972 971 970 969 968 967 903 904 905 906 907 908 909 910 846 845 844 843 779 780 781 782 783 784 785 786 787 788 789 790 791 792 793 794 795 796 797 798 799 800 801 802 803 804 805 806 807 808 809 810 811 812 813 814 815 816
1744		1744 1680 1616 1552 1488 1424 1423 1422 1421 1357 1358 1359 1295 1294 1293 1229 1230 1231 1167 1166 1165 1101 1102 1103 1039 1038 1037 973 972 971 970 969 968 967 903 904 905 906 907 908 909 910 846 845 844 843 779 780 781 782 783 784 785 786 787 788 789 790 791 792 793 794 795 796 797 798 799 800 801 802 803 804 805 806 807 808 809 810 811 812 813 814 815 816
1680		1680 1616 1552 1488 1424 1423 1422 1421 1357 1358 1359 1295 1294 1293 1229 1230 1231 1167 1166 1165 1101 1102 1103 1039 1038 1037 973 972 971 970 969 968 967 903 904 905 906 907 908 909 910 846 845 844 843 779 780 781 782 783 784 785 786 787 788 789 790 791 792 793 794 795 796 797 798 799 800 801 802 803 804 805 806 807 808 809 810 811 812 813 814 815 816
1616		1616 1552 1488 1424 1423 1422 1421 1357 1358 1359 1295 1294 1293 1229 1230 1231 1167 1166 1165 1101 1102 1103 1039 1038 1037 973 972 971 970 969 968 967 903 904 905 906 907 908 909 910 846 845 844 843 779 780 781 782 783 784 785 786 787 788 789 790 791 792 793 794 795 796 797 798 799 800 801 802 803 804 805 806 807 808 809 810 811 812 813 814 815 816
1681		1681 1617 1616 1615 1614 1613 1549 1550 1551 1552 1553 1554 1490 1489 1488 1487 1486 1485 1421 1422 1423 1359 1358 1357 1293 1294 1295 1231 1230 1229 1165 1166 1167 1103 1102 1101 1037 973 972 971 970 969 968 967 903 904 905 906 907 908 909 910 846 845 844 843 779 780 781 782 783 784 785 786 787 788 789 790 791 792 793 794 795 796 797 798 799 800 801 802 803 804 805 806 807 808 809 810 811 812 813 814 815 816
1745		1745 1744 1680 1616 1552 1551 1550 1549 1485 1486 1487 1488 1424 1423 1422 1421 1357 1358 1359 1295 1294 1293 1229 1230 1231 1167 1166 1165 1101 1102 1103 1039 1038 1037 973 972 971 970 969 968 967 903 904 905 906 907 908 909 910 846 845 844 843 779 780 781 782 783 784 785 786 787 788 789 790 791 792 793 794 795 796 797 798 799 800 801 802 803 804 805 806 807 808 809 810 811 812 813 814 815 816
1677		1677 1678 1679 1680 1616 1552 1488 1424 1423 1422 1421 1357 1358 1359 1295 1294 1293 1229 1230 1231 1167 1166 1165 1101 1102 1103 1039 1038 1037 973 972 971 970 969 968 967 903 904 905 906 907 908 909 910 846 845 844 843 779 780 781 782 783 784 785 786 787 788 789 790 791 792 793 794 795 796 797 798 799 800 801 802 803 804 805 806 807 808 809 810 811 812 813 814 815 816
1678		1678 1679 1680 1616 1552 1488 1424 1423 1422 1421 1357 1358 1359 1295 1294 1293 1229 1230 1231 1167 1166 1165 1101 1102 1103 1039 1038 1037 973 972 971 970 969 968 967 903 904 905 906 907 908 909 910 846 845 844 843 779 780 781 782 783 784 785 786 787 788 789 790 791 792 793 794 795 796 797 798 799 800 801 802 803 804 805 806 807 808 809 810 811 812 813 814 815 816
1490		1490 1489 1488 1424 1423 1422 1421 1357 1358 1359 1295 1294 1293 1229 1230 1231 1167 1166 1165 1101 1102 1103 1039 1038 1037 973 972 971 970 969 968 967 903 904 905 906 907 908 909 910 846 845 844 843 779 780 781 782 783 784 785 786 787 788 789 790 791 792 793 794 795 796 797 798 799 800 801 802 803 804 805 806 807 808 809 810 811 812 813 814 815 816
1516		1516 1452
1549		1549 1485 1421 1357 1358 1359 1295 1294 1293 1229 1230 1231 1167 1166 1165 1101 1102 1103 1039 1038 1037 973 972 971 970 969 968 967 903 904 905 906 907 908 909 910 846 845 844 843 779 780 781 782 783 784 785 786 787 788 789 790 791 792 793 794 795 796 797 798 799 800 801 802 803 804 805 806 807 808 809 810 811 812 813 814 815 816
1550		1550 1486 1422 1358 1294 1230 1229 1165 1166 1167 1103 1102 1101 1037 973 972 971 970 969 968 967 903 904 905 906 907 908 909 910 846 845 844 843 779 780 781 782 783 784 785 786 787 788 789 790 791 792 793 794 795 796 797 798 799 800 801 802 803 804 805 806 807 808 809 810 811 812 813 814 815 816
1554		1554 1490 1489 1488 1424 1423 1422 1421 1357 1358 1359 1295 1294 1293 1229 1230 1231 1167 1166 1165 1101 1102 1103 1039 1038 1037 973 972 971 970 969 968 967 903 904 905 906 907 908 909 910 846 845 844 843 779 780 781 782 783 784 785 786 787 788 789 790 791 792 793 794 795 796 797 798 799 800 801 802 803 804 805 806 807 808 809 810 811 812 813 814 815 816
1580		1580 1516 1452
1613		1613 1614 1550 1551 1552 1553 1554 1490 1489 1488 1487 1486 1485 1421 1422 1423 1359 1358 1357 1293 1294 1295 1231 1230 1229 1165 1166 1167 1103 1102 1101 1037 973 972 971 970 969 968 967 903 904 905 906 907 908 909 910 846 845 844 843 779 780 781 782 783 784 785 786 787 788 789 790 791 792 793 794 795 796 797 798 799 800 801 802 803 804 805 806 807 808 809 810 811 812 813 814 815 816
1614		1614 1550 1551 1552 1553 1554 1490 1489 1488 1487 1486 1485 1421 1422 1423 1359 1358 1357 1293 1294 1295 1231 1230 1229 1165 1166 1167 1103 1102 1101 1037 973 972 971 970 969 968 967 903 904 905 906 907 908 909 910 846 845 844 843 779 780 781 782 783 784 785 786 787 788 789 790 791 792 793 794 795 796 797 798 799 800 801 802 803 804 805 806 807 808 809 810 811 812 813 814 815 816
1871		1871 1807 1806 1742 1678 1614 1613 1549 1550 1551 1552 1553 1554 1490 1489 1488 1487 1486 1485 1421 1422 1423 1359 1358 1357 1293 1294 1295 1231 1230 1229 1165 1166 1167 1103 1102 1101 1037 973 972 971 970 969 968 967 903 904 905 906 907 908 909 910 846 845 844 843 779 780 781 782 783 784 785 786 787 788 789 790 791 792 793 794 795 796 797 798 799 800 801 802 803 804 805 806 807 808 809 810 811 812 813 814 815 816
1872		1872 1808 1744 1743 1679 1615 1614 1613 1549 1550 1551 1552 1553 1554 1490 1489 1488 1487 1486 1485 1421 1422 1423 1359 1358 1357 1293 1294 1295 1231 1230 1229 1165 1166 1167 1103 1102 1101 1037 973 972 971 970 969 968 967 903 904 905 906 907 908 909 910 846 845 844 843 779 780 781 782 783 784 785 786 787 788 789 790 791 792 793 794 795 796 797 798 799 800 801 802 803 804 805 806 807 808 809 810 811 812 813 814 815 816
1873		1873 1809 1745 1744 1680 1616 1552 1551 1550 1549 1485 1486 1487 1488 1424 1423 1422 1421 1357 1358 1359 1295 1294 1293 1229 1230 1231 1167 1166 1165 1101 1102 1103 1039 1038 1037 973 972 971 970 969 968 967 903 904 905 906 907 908 909 910 846 845 844 843 779 780 781 782 783 784 785 786 787 788 789 790 791 792 793 794 795 796 797 798 799 800 801 802 803 804 805 806 807 808 809 810 811 812 813 814 815 816
1874		1874 1810 1746 1745 1681 1617 1616 1615 1614 1613 1549 1550 1551 1552 1553 1554 1490 1489 1488 1487 1486 1485 1421 1422 1423 1359 1358 1357 1293 1294 1295 1231 1230 1229 1165 1166 1167 1103 1102 1101 1037 973 972 971 970 969 968 967 903 904 905 906 907 908 909 910 846 845 844 843 779 780 781 782 783 784 785 786 787 788 789 790 791 792 793 794 795 796 797 798 799 800 801 802 803 804 805 806 807 808 809 810 811 812 813 814 815 816
1875		1875 1811 1810 1809 1745 1681 1617 1616 1615 1614 1613 1549 1550 1551 1552 1553 1554 1490 1489 1488 1487 1486 1485 1421 1422 1423 1359 1358 1357 1293 1294 1295 1231 1230 1229 1165 1166 1167 1103 1102 1101 1037 973 972 971 970 969 968 967 903 904 905 906 907 908 909 910 846 845 844 843 779 780 781 782 783 784 785 786 787 788 789 790 791 792 793 794 795 796 797 798 799 800 801 802 803 804 805 806 807 808 809 810 811 812 813 814 815 816
1876		1876 1875 1874 1873 1872 1808 1744 1680 1616 1615 1614 1613 1549 1550 1551 1552 1553 1554 1490 1489 1488 1487 1486 1485 1421 1422 1423 1359 1358 1357 1293 1294 1295 1231 1230 1229 1165 1166 1167 1103 1102 1101 1037 973 972 971 970 969 968 967 903 904 905 906 907 908 909 910 846 845 844 843 779 780 781 782 783 784 785 786 787 788 789 790 791 792 793 794 795 796 797 798 799 800 801 802 803 804 805 806 807 808 809 810 811 812 813 814 815 816
1877		1877 1813 1749 1748 1812 1876 1875 1874 1873 1872 1808 1744 1680 1616 1615 1614 1613 1549 1550 1551 1552 1553 1554 1490 1489 1488 1487 1486 1485 1421 1422 1423 1359 1358 1357 1293 1294 1295 1231 1230 1229 1165 1166 1167 1103 1102 1101 1037 973 972 971 970 969 968 967 903 904 905 906 907 908 909 910 846 845 844 843 779 780 781 782 783 784 785 786 787 788 789 790 791 792 793 794 795 796 797 798 799 800 801 802 803 804 805 806 807 808 809 810 811 812 813 814 815 816
1878		1878 1814 1813 1812 1748 1747 1746 1745 1744 1680 1679 1678 1677 1613 1614 1615 1616 1617 1618 1554 1553 1552 1551 1550 1549 1485 1486 1487 1488 1424 1423 1422 1421 1357 1358 1359 1295 1294 1293 1229 1230 1231 1167 1166 1165 1101 1102 1103 1039 1038 1037 973 972 971 970 969 968 967 903 904 905 906 907 908 909 910 846 845 844 843 779 780 781 782 783 784 785 786 787 788 789 790 791 792 793 794 795 796 797 798 799 800 801 802 803 804 805 806 807 808 809 810 811 812 813 814 815 816
1879		1879 1878 1877 1876 1875 1874 1810 1746 1682 1681 1680 1679 1678 1677 1613 1614 1615 1616 1617 1618 1554 1553 1552 1551 1550 1549 1485 1486 1487 1488 1424 1423 1422 1421 1357 1358 1359 1295 1294 1293 1229 1230 1231 1167 1166 1165 1101 1102 1103 1039 1038 1037 973 972 971 970 969 968 967 903 904 905 906 907 908 909 910 846 845 844 843 779 780 781 782 783 784 785 786 787 788 789 790 791 792 793 794 795 796 797 798 799 800 801 802 803 804 805 806 807 808 809 810 811 812 813 814 815 816
1880		1880 1879 1878 1877 1813 1812 1748 1747 1746 1682 1681 1680 1679 1678 1677 1613 1614 1615 1616 1617 1618 1554 1553 1552 1551 1550 1549 1485 1486 1487 1488 1424 1423 1422 1421 1357 1358 1359 1295 1294 1293 1229 1230 1231 1167 1166 1165 1101 1102 1103 1039 1038 1037 973 972 971 970 969 968 967 903 904 905 906 907 908 909 910 846 845 844 843 779 780 781 782 783 784 785 786 787 788 789 790 791 792 793 794 795 796 797 798 799 800 801 802 803 804 805 806 807 808 809 810 811 812 813 814 815 816
1881		1881 1880 1879 1878 1877 1813 1812 1748 1747 1746 1682 1681 1680 1679 1678 1677 1613 1614 1615 1616 1617 1618 1554 1553 1552 1551 1550 1549 1485 1486 1487 1488 1424 1423 1422 1421 1357 1358 1359 1295 1294 1293 1229 1230 1231 1167 1166 1165 1101 1102 1103 1039 1038 1037 973 972 971 970 969 968 967 903 904 905 906 907 908 909 910 846 845 844 843 779 780 781 782 783 784 785 786 787 788 789 790 791 792 793 794 795 796 797 798 799 800 801 802 803 804 805 806 807 808 809 810 811 812 813 814 815 816
1882		1882 1881 1880 1879 1878 1877 1813 1812 1748 1747 1746 1682 1681 1680 1679 1678 1677 1613 1614 1615 1616 1617 1618 1554 1553 1552 1551 1550 1549 1485 1486 1487 1488 1424 1423 1422 1421 1357 1358 1359 1295 1294 1293 1229 1230 1231 1167 1166 1165 1101 1102 1103 1039 1038 1037 973 972 971 970 969 968 967 903 904 905 906 907 908 909 910 846 845 844 843 779 780 781 782 783 784 785 786 787 788 789 790 791 792 793 794 795 796 797 798 799 800 801 802 803 804 805 806 807 808 809 810 811 812 813 814 815 816
1883		1883 1882 1881 1880 1879 1878 1877 1813 1749 1748 1747 1746 1682 1681 1680 1679 1678 1677 1613 1614 1615 1616 1617 1618 1554 1553 1552 1551 1550 1549 1485 1486 1487 1488 1424 1423 1422 1421 1357 1358 1359 1295 1294 1293 1229 1230 1231 1167 1166 1165 1101 1102 1103 1039 1038 1037 973 972 971 970 969 968 967 903 904 905 906 907 908 909 910 846 845 844 843 779 780 781 782 783 784 785 786 787 788 789 790 791 792 793 794 795 796 797 798 799 800 801 802 803 804 805 806 807 808 809 810 811 812 813 814 815 816
1884		1884 1883 1882 1881 1880 1879 1878 1814 1813 1749 1748 1747 1746 1745 1681 1680 1679 1678 1677 1613 1614 1615 1616 1617 1618 1554 1553 1552 1551 1550 1549 1485 1486 1487 1488 1424 1423 1422 1421 1357 1358 1359 1295 1294 1293 1229 1230 1231 1167 1166 1165 1101 1102 1103 1039 1038 1037 973 972 971 970 969 968 967 903 904 905 906 907 908 909 910 846 845 844 843 779 780 781 782 783 784 785 786 787 788 789 790 791 792 793 794 795 796 797 798 799 800 801 802 803 804 805 806 807 808 809 810 811 812 813 814 815 816
1985		1985 2049 2050 2051 2052 2116 2180 2244 2245 2181 2117 2118 2119 2120 2121 2122 2123 2124 2125 2126 2127 2128 2129 2130 2131 2132 2133 2134 2135 2136 2137 2138 2139 2140 2141 2142 2143 2144 2145 2146 2147 2148 2149 2150 2151 2152 2153 2154 2155 2156 2157 2158 2159 2160 2161 2162 2163 2164 2165 2166 2167
2049		2049 2050 2051 2052 2116 2180 2244 2245 2181 2117 2118 2119 2120 2121 2122 2123 2124 2125 2126 2127 2128 2129 2130 2131 2132 2133 2134 2135 2136 2137 2138 2139 2140 2141 2142 2143 2144 2145 2146 2147 2148 2149 2150 2151 2152 2153 2154 2155 2156 2157 2158 2159 2160 2161 2162 2163 2164 2165 2166 2167
2050		2050 2051 2052 2116 2180 2244 2245 2181 2117 2118 2119 2120 2121 2122 2123 2124 2125 2126 2127 2128 2129 2130 2131 2132 2133 2134 2135 2136 2137 2138 2139 2140 2141 2142 2143 2144 2145 2146 2147 2148 2149 2150 2151 2152 2153 2154 2155 2156 2157 2158 2159 2160 2161 2162 2163 2164 2165 2166 2167
2051		2051 2052 2116 2180 2244 2245 2181 2117 2118 2119 2120 2121 2122 2123 2124 2125 2126 2127 2128 2129 2130 2131 2132 2133 2134 2135 2136 2137 2138 2139 2140 2141 2142 2143 2144 2145 2146 2147 2148 2149 2150 2151 2152 2153 2154 2155 2156 2157 2158 2159 2160 2161 2162 2163 2164 2165 2166 2167
2052		2052 2116 2180 2244 2245 2181 2117 2118 2119 2120 2121 2122 2123 2124 2125 2126 2127 2128 2129 2130 2131 2132 2133 2134 2135 2136 2137 2138 2139 2140 2141 2142 2143 2144 2145 2146 2147 2148 2149 2150 2151 2152 2153 2154 2155 2156 2157 2158 2159 2160 2161 2162 2163 2164 2165 2166 2167
2116		2116 2117 2118 2119 2120 2121 2122 2123 2124 2125 2126 2127 2128 2129 2130 2131 2132 2133 2134 2135 2136 2137 2138 2139 2140 2141 2142 2143 2144 2145 2146 2147 2148 2149 2150 2151 2152 2153 2154 2155 2156 2157 2158 2159 2160 2161 2162 2163 2164 2165 2166 2167
2180		2180 2181 2182 2183 2184 2185 2186 2187 2188 2189 2190 2191 2192 2193 2194 2195 2196 2197 2198 2199 2200 2201 2202 2203 2204 2205 2206 2207 2208 2209 2210 2211 2212 2213 2214 2215 2216 2217 2218 2219 2220 2221 2222 2223 2224 2225 2226 2227 2228 2229 2230 2231
2244		2244 2245 2181 2117 2118 2119 2120 2121 2122 2123 2124 2125 2126 2127 2128 2129 2130 2131 2132 2133 2134 2135 2136 2137 2138 2139 2140 2141 2142 2143 2144 2145 2146 2147 2148 2149 2150 2151 2152 2153 2154 2155 2156 2157 2158 2159 2160 2161 2162 2163 2164 2165 2166 2167
2245		2245 2181 2117 2118 2119 2120 2121 2122 2123 2124 2125 2126 2127 2128 2129 2130 2131 2132 2133 2134 2135 2136 2137 2138 2139 2140 2141 2142 2143 2144 2145 2146 2147 2148 2149 2150 2151 2152 2153 2154 2155 2156 2157 2158 2159 2160 2161 2162 2163 2164 2165 2166 2167
2181		2181 2182 2183 2184 2185 2186 2187 2188 2189 2190 2191 2192 2193 2194 2195 2196 2197 2198 2199 2200 2201 2202 2203 2204 2205 2206 2207 2208 2209 2210 2211 2212 2213 2214 2215 2216 2217 2218 2219 2220 2221 2222 2223 2224 2225 2226 2227 2228 2229 2230 2231
2117		2117 2118 2119 2120 2121 2122 2123 2124 2125 2126 2127 2128 2129 2130 2131 2132 2133 2134 2135 2136 2137 2138 2139 2140 2141 2142 2143 2144 2145 2146 2147 2148 2149 2150 2151 2152 2153 2154 2155 2156 2157 2158 2159 2160 2161 2162 2163 2164 2165 2166 2167
2118		2118 2119 2120 2121 2122 2123 2124 2125 2126 2127 2128 2129 2130 2131 2132 2133 2134 2135 2136 2137 2138 2139 2140 2141 2142 2143 2144 2145 2146 2147 2148 2149 2150 2151 2152 2153 2154 2155 2156 2157 2158 2159 2160 2161 2162 2163 2164 2165 2166 2167
2119		2119 2120 2121 2122 2123 2124 2125 2126 2127 2128 2129 2130 2131 2132 2133 2134 2135 2136 2137 2138 2139 2140 2141 2142 2143 2144 2145 2146 2147 2148 2149 2150 2151 2152 2153 2154 2155 2156 2157 2158 2159 2160 2161 2162 2163 2164 2165 2166 2167
2120		2120 2121 2122 2123 2124 2125 2126 2127 2128 2129 2130 2131 2132 2133 2134 2135 2136 2137 2138 2139 2140 2141 2142 2143 2144 2145 2146 2147 2148 2149 2150 2151 2152 2153 2154 2155 2156 2157 2158 2159 2160 2161 2162 2163 2164 2165 2166 2167
2121		2121 2122 2123 2124 2125 2126 2127 2128 2129 2130 2131 2132 2133 2134 2135 2136 2137 2138 2139 2140 2141 2142 2143 2144 2145 2146 2147 2148 2149 2150 2151 2152 2153 2154 2155 2156 2157 2158 2159 2160 2161 2162 2163 2164 2165 2166 2167
2122		2122 2123 2124 2125 2126 2127 2128 2129 2130 2131 2132 2133 2134 2135 2136 2137 2138 2139 2140 2141 2142 2143 2144 2145 2146 2147 2148 2149 2150 2151 2152 2153 2154 2155 2156 2157 2158 2159 2160 2161 2162 2163 2164 2165 2166 2167
2123		2123 2124 2125 2126 2127 2128 2129 2130 2131 2132 2133 2134 2135 2136 2137 2138 2139 2140 2141 2142 2143 2144 2145 2146 2147 2148 2149 2150 2151 2152 2153 2154 2155 2156 2157 2158 2159 2160 2161 2162 2163 2164 2165 2166 2167
2124		2124 2125 2126 2127 2128 2129 2130 2131 2132 2133 2134 2135 2136 2137 2138 2139 2140 2141 2142 2143 2144 2145 2146 2147 2148 2149 2150 2151 2152 2153 2154 2155 2156 2157 2158 2159 2160 2161 2162 2163 2164 2165 2166 2167
2125		2125 2126 2127 2128 2129 2130 2131 2132 2133 2134 2135 2136 2137 2138 2139 2140 2141 2142 2143 2144 2145 2146 2147 2148 2149 2150 2151 2152 2153 2154 2155 2156 2157 2158 2159 2160 2161 2162 2163 2164 2165 2166 2167
2126		2126 2127 2128 2129 2130 2131 2132 2133 2134 2135 2136 2137 2138 2139 2140 2141 2142 2143 2144 2145 2146 2147 2148 2149 2150 2151 2152 2153 2154 2155 2156 2157 2158 2159 2160 2161 2162 2163 2164 2165 2166 2167
2127		2127 2128 2129 2130 2131 2132 2133 2134 2135 2136 2137 2138 2139 2140 2141 2142 2143 2144 2145 2146 2147 2148 2149 2150 2151 2152 2153 2154 2155 2156 2157 2158 2159 2160 2161 2162 2163 2164 2165 2166 2167
2128		2128 2129 2130 2131 2132 2133 2134 2135 2136 2137 2138 2139 2140 2141 2142 2143 2144 2145 2146 2147 2148 2149 2150 2151 2152 2153 2154 2155 2156 2157 2158 2159 2160 2161 2162 2163 2164 2165 2166 2167
2129		2129 2130 2131 2132 2133 2134 2135 2136 2137 2138 2139 2140 2141 2142 2143 2144 2145 2146 2147 2148 2149 2150 2151 2152 2153 2154 2155 2156 2157 2158 2159 2160 2161 2162 2163 2164 2165 2166 2167
2130		2130 2131 2132 2133 2134 2135 2136 2137 2138 2139 2140 2141 2142 2143 2144 2145 2146 2147 2148 2149 2150 2151 2152 2153 2154 2155 2156 2157 2158 2159 2160 2161 2162 2163 2164 2165 2166 2167
2131		2131 2132 2133 2134 2135 2136 2137 2138 2139 2140 2141 2142 2143 2144 2145 2146 2147 2148 2149 2150 2151 2152 2153 2154 2155 2156 2157 2158 2159 2160 2161 2162 2163 2164 2165 2166 2167
2132		2132 2133 2134 2135 2136 2137 2138 2139 2140 2141 2142 2143 2144 2145 2146 2147 2148 2149 2150 2151 2152 2153 2154 2155 2156 2157 2158 2159 2160 2161 2162 2163 2164 2165 2166 2167
2133		2133 2134 2135 2136 2137 2138 2139 2140 2141 2142 2143 2144 2145 2146 2147 2148 2149 2150 2151 2152 2153 2154 2155 2156 2157 2158 2159 2160 2161 2162 2163 2164 2165 2166 2167
2134		2134 2135 2136 2137 2138 2139 2140 2141 2142 2143 2144 2145 2146 2147 2148 2149 2150 2151 2152 2153 2154 2155 2156 2157 2158 2159 2160 2161 2162 2163 2164 2165 2166 2167
2135		2135 2136 2137 2138 2139 2140 2141 2142 2143 2144 2145 2146 2147 2148 2149 2150 2151 2152 2153 2154 2155 2156 2157 2158 2159 2160 2161 2162 2163 2164 2165 2166 2167
2136		2136 2137 2138 2139 2140 2141 2142 2143 2144 2145 2146 2147 2148 2149 2150 2151 2152 2153 2154 2155 2156 2157 2158 2159 2160 2161 2162 2163 2164 2165 2166 2167
2137		2137 2138 2139 2140 2141 2142 2143 2144 2145 2146 2147 2148 2149 2150 2151 2152 2153 2154 2155 2156 2157 2158 2159 2160 2161 2162 2163 2164 2165 2166 2167
2138		2138 2139 2140 2141 2142 2143 2144 2145 2146 2147 2148 2149 2150 2151 2152 2153 2154 2155 2156 2157 2158 2159 2160 2161 2162 2163 2164 2165 2166 2167
2139		2139 2140 2141 2142 2143 2144 2145 2146 2147 2148 2149 2150 2151 2152 2153 2154 2155 2156 2157 2158 2159 2160 2161 2162 2163 2164 2165 2166 2167
2140		2140 2141 2142 2143 2144 2145 2146 2147 2148 2149 2150 2151 2152 2153 2154 2155 2156 2157 2158 2159 2160 2161 2162 2163 2164 2165 2166 2167
2141		2141 2142 2143 2144 2145 2146 2147 2148 2149 2150 2151 2152 2153 2154 2155 2156 2157 2158 2159 2160 2161 2162 2163 2164 2165 2166 2167
2142		2142 2143 2144 2145 2146 2147 2148 2149 2150 2151 2152 2153 2154 2155 2156 2157 2158 2159 2160 2161 2162 2163 2164 2165 2166 2167
2143		2143 2144 2145 2146 2147 2148 2149 2150 2151 2152 2153 2154 2155 2156 2157 2158 2159 2160 2161 2162 2163 2164 2165 2166 2167
2144		2144 2145 2146 2147 2148 2149 2150 2151 2152 2153 2154 2155 2156 2157 2158 2159 2160 2161 2162 2163 2164 2165 2166 2167
2145		2145 2146 2147 2148 2149 2150 2151 2152 2153 2154 2155 2156 2157 2158 2159 2160 2161 2162 2163 2164 2165 2166 2167
2146		2146 2147 2148 2149 2150 2151 2152 2153 2154 2155 2156 2157 2158 2159 2160 2161 2162 2163 2164 2165 2166 2167
2147		2147 2148 2149 2150 2151 2152 2153 2154 2155 2156 2157 2158 2159 2160 2161 2162 2163 2164 2165 2166 2167
2148		2148 2149 2150 2151 2152 2153 2154 2155 2156 2157 2158 2159 2160 2161 2162 2163 2164 2165 2166 2167
2149		2149 2150 2151 2152 2153 2154 2155 2156 2157 2158 2159 2160 2161 2162 2163 2164 2165 2166 2167
2150		2150 2151 2152 2153 2154 2155 2156 2157 2158 2159 2160 2161 2162 2163 2164 2165 2166 2167
2151		2151 2152 2153 2154 2155 2156 2157 2158 2159 2160 2161 2162 2163 2164 2165 2166 2167
2152		2152 2153 2154 2155 2156 2157 2158 2159 2160 2161 2162 2163 2164 2165 2166 2167
2153		2153 2154 2155 2156 2157 2158 2159 2160 2161 2162 2163 2164 2165 2166 2167
2154		2154 2155 2156 2157 2158 2159 2160 2161 2162 2163 2164 2165 2166 2167
2155		2155 2156 2157 2158 2159 2160 2161 2162 2163 2164 2165 2166 2167
2156		2156 2157 2158 2159 2160 2161 2162 2163 2164 2165 2166 2167
2157		2157 2158 2159 2160 2161 2162 2163 2164 2165 2166 2167
2158		2158 2159 2160 2161 2162 2163 2164 2165 2166 2167
2159		2159 2160 2161 2162 2163 2164 2165 2166 2167
2160		2160 2161 2162 2163 2164 2165 2166 2167
2161		2161 2162 2163 2164 2165 2166 2167
2162		2162 2163 2164 2165 2166 2167
2163		2163 2164 2165 2166 2167
2164		2164 2165 2166 2167
2165		2165 2166 2167
2166		2166 2167
1986		1986 2050 2114 2115 2179 2180 2244 2245 2181 2117 2118 2119 2120 2121 2122 2123 2124 2125 2126 2127 2128 2129 2130 2131 2132 2133 2134 2135 2136 2137 2138 2139 2140 2141 2142 2143 2144 2145 2146 2147 2148 2149 2150 2151 2152 2153 2154 2155 2156 2157 2158 2159 2160 2161 2162 2163 2164 2165 2166 2167
2114		2114 2115 2116 2117 2118 2119 2120 2121 2122 2123 2124 2125 2126 2127 2128 2129 2130 2131 2132 2133 2134 2135 2136 2137 2138 2139 2140 2141 2142 2143 2144 2145 2146 2147 2148 2149 2150 2151 2152 2153 2154 2155 2156 2157 2158 2159 2160 2161 2162 2163 2164 2165 2166 2167
2115		2115 2116 2117 2118 2119 2120 2121 2122 2123 2124 2125 2126 2127 2128 2129 2130 2131 2132 2133 2134 2135 2136 2137 2138 2139 2140 2141 2142 2143 2144 2145 2146 2147 2148 2149 2150 2151 2152 2153 2154 2155 2156 2157 2158 2159 2160 2161 2162 2163 2164 2165 2166 2167
2179		2179 2180 2181 2182 2183 2184 2185 2186 2187 2188 2189 2190 2191 2192 2193 2194 2195 2196 2197 2198 2199 2200 2201 2202 2203 2204 2205 2206 2207 2208 2209 2210 2211 2212 2213 2214 2215 2216 2217 2218 2219 2220 2221 2222 2223 2224 2225 2226 2227 2228 2229 2230 2231
1987		1987 2051 2115 2179 2180 2181 2245 2246 2182 2118 2119 2120 2121 2122 2123 2124 2125 2126 2127 2128 2129 2130 2131 2132 2133 2134 2135 2136 2137 2138 2139 2140 2141 2142 2143 2144 2145 2146 2147 2148 2149 2150 2151 2152 2153 2154 2155 2156 2157 2158 2159 2160 2161 2162 2163 2164 2165 2166 2167
2246		2246 2182 2118 2119 2120 2121 2122 2123 2124 2125 2126 2127 2128 2129 2130 2131 2132 2133 2134 2135 2136 2137 2138 2139 2140 2141 2142 2143 2144 2145 2146 2147 2148 2149 2150 2151 2152 2153 2154 2155 2156 2157 2158 2159 2160 2161 2162 2163 2164 2165 2166 2167
2182		2182 2183 2184 2185 2186 2187 2188 2189 2190 2191 2192 2193 2194 2195 2196 2197 2198 2199 2200 2201 2202 2203 2204 2205 2206 2207 2208 2209 2210 2211 2212 2213 2214 2215 2216 2217 2218 2219 2220 2221 2222 2223 2224 2225 2226 2227 2228 2229 2230 2231
1990		1990 2054 2118 2182 2183 2119 2055 2056 2057 2058 2059 2060 2061 2062 2063 2064 2065 2066 2067 2068 2069 2070 2071 2072 2073 2074 2075 2076 2077 2078 2079 2080 2081 2082 2083 2084 2085 2086 2087 2088 2089 2090 2091 2092 2093 2094 2095 2096 2097 2161 2225 2289 2353 2354 2355 2356 2357
2054		2054 2118 2182 2183 2119 2055 2056 2057 2058 2059 2060 2061 2062 2063 2064 2065 2066 2067 2068 2069 2070 2071 2072 2073 2074 2075 2076 2077 2078 2079 2080 2081 2082 2083 2084 2085 2086 2087 2088 2089 2090 2091 2092 2093 2094 2095 2096 2097 2161 2225 2289 2353 2354 2355 2356 2357
2183		2183 2184 2185 2186 2187 2188 2189 2190 2191 2192 2193 2194 2195 2196 2197 2198 2199 2200 2201 2202 2203 2204 2205 2206 2207 2208 2209 2210 2211 2212 2213 2214 2215 2216 2217 2218 2219 2220 2221 2222 2223 2224 2225 2226 2227 2228 2229 2230 2231
2184		2184 2185 2186 2187 2188 2189 2190 2191 2192 2193 2194 2195 2196 2197 2198 2199 2200 2201 2202 2203 2204 2205 2206 2207 2208 2209 2210 2211 2212 2213 2214 2215 2216 2217 2218 2219 2220 2221 2222 2223 2224 2225 2226 2227 2228 2229 2230 2231
2056		2056 2057 2058 2059 2060 2061 2062 2063 2064 2065 2066 2067 2068 2069 2070 2071 2072 2073 2074 2075 2076 2077 2078 2079 2080 2081 2082 2083 2084 2085 2086 2087 2088 2089 2090 2091 2092 2093 2094 2095 2096 2097 2161 2225 2289 2353 2354 2355 2356 2357
2057		2057 2058 2059 2060 2061 2062 2063 2064 2065 2066 2067 2068 2069 2070 2071 2072 2073 2074 2075 2076 2077 2078 2079 2080 2081 2082 2083 2084 2085 2086 2087 2088 2089 2090 2091 2092 2093 2094 2095 2096 2097 2161 2225 2289 2353 2354 2355 2356 2357
2058		2058 2059 2060 2061 2062 2063 2064 2065 2066 2067 2068 2069 2070 2071 2072 2073 2074 2075 2076 2077 2078 2079 2080 2081 2082 2083 2084 2085 2086 2087 2088 2089 2090 2091 2092 2093 2094 2095 2096 2097 2161 2225 2289 2353 2354 2355 2356 2357
2059		2059 2060 2061 2062 2063 2064 2065 2066 2067 2068 2069 2070 2071 2072 2073 2074 2075 2076 2077 2078 2079 2080 2081 2082 2083 2084 2085 2086 2087 2088 2089 2090 2091 2092 2093 2094 2095 2096 2097 2161 2225 2289 2353 2354 2355 2356 2357
2060		2060 2061 2062 2063 2064 2065 2066 2067 2068 2069 2070 2071 2072 2073 2074 2075 2076 2077 2078 2079 2080 2081 2082 2083 2084 2085 2086 2087 2088 2089 2090 2091 2092 2093 2094 2095 2096 2097 2161 2225 2289 2353 2354 2355 2356 2357
2061		2061 2062 2063 2064 2065 2066 2067 2068 2069 2070 2071 2072 2073 2074 2075 2076 2077 2078 2079 2080 2081 2082 2083 2084 2085 2086 2087 2088 2089 2090 2091 2092 2093 2094 2095 2096 2097 2161 2225 2289 2353 2354 2355 2356 2357
2062		2062 2063 2064 2065 2066 2067 2068 2069 2070 2071 2072 2073 2074 2075 2076 2077 2078 2079 2080 2081 2082 2083 2084 2085 2086 2087 2088 2089 2090 2091 2092 2093 2094 2095 2096 2097 2161 2225 2289 2353 2354 2355 2356 2357
2063		2063 2064 2065 2066 2067 2068 2069 2070 2071 2072 2073 2074 2075 2076 2077 2078 2079 2080 2081 2082 2083 2084 2085 2086 2087 2088 2089 2090 2091 2092 2093 2094 2095 2096 2097 2161 2225 2289 2353 2354 2355 2356 2357
2064		2064 2065 2066 2067 2068 2069 2070 2071 2072 2073 2074 2075 2076 2077 2078 2079 2080 2081 2082 2083 2084 2085 2086 2087 2088 2089 2090 2091 2092 2093 2094 2095 2096 2097 2161 2225 2289 2353 2354 2355 2356 2357
2065		2065 2066 2067 2068 2069 2070 2071 2072 2073 2074 2075 2076 2077 2078 2079 2080 2081 2082 2083 2084 2085 2086 2087 2088 2089 2090 2091 2092 2093 2094 2095 2096 2097 2161 2225 2289 2353 2354 2355 2356 2357
2066		2066 2067 2068 2069 2070 2071 2072 2073 2074 2075 2076 2077 2078 2079 2080 2081 2082 2083 2084 2085 2086 2087 2088 2089 2090 2091 2092 2093 2094 2095 2096 2097 2161 2225 2289 2353 2354 2355 2356 2357
2067		2067 2068 2069 2070 2071 2072 2073 2074 2075 2076 2077 2078 2079 2080 2081 2082 2083 2084 2085 2086 2087 2088 2089 2090 2091 2092 2093 2094 2095 2096 2097 2161 2225 2289 2353 2354 2355 2356 2357
2068		2068 2069 2070 2071 2072 2073 2074 2075 2076 2077 2078 2079 2080 2081 2082 2083 2084 2085 2086 2087 2088 2089 2090 2091 2092 2093 2094 2095 2096 2097 2161 2225 2289 2353 2354 2355 2356 2357
2069		2069 2070 2071 2072 2073 2074 2075 2076 2077 2078 2079 2080 2081 2082 2083 2084 2085 2086 2087 2088 2089 2090 2091 2092 2093 2094 2095 2096 2097 2161 2225 2289 2353 2354 2355 2356 2357
2070		2070 2071 2072 2073 2074 2075 2076 2077 2078 2079 2080 2081 2082 2083 2084 2085 2086 2087 2088 2089 2090 2091 2092 2093 2094 2095 2096 2097 2161 2225 2289 2353 2354 2355 2356 2357
2071		2071 2072 2073 2074 2075 2076 2077 2078 2079 2080 2081 2082 2083 2084 2085 2086 2087 2088 2089 2090 2091 2092 2093 2094 2095 2096 2097 2161 2225 2289 2353 2354 2355 2356 2357
2072		2072 2073 2074 2075 2076 2077 2078 2079 2080 2081 2082 2083 2084 2085 2086 2087 2088 2089 2090 2091 2092 2093 2094 2095 2096 2097 2161 2225 2289 2353 2354 2355 2356 2357
2073		2073 2074 2075 2076 2077 2078 2079 2080 2081 2082 2083 2084 2085 2086 2087 2088 2089 2090 2091 2092 2093 2094 2095 2096 2097 2161 2225 2289 2353 2354 2355 2356 2357
2074		2074 2075 2076 2077 2078 2079 2080 2081 2082 2083 2084 2085 2086 2087 2088 2089 2090 2091 2092 2093 2094 2095 2096 2097 2161 2225 2289 2353 2354 2355 2356 2357
2075		2075 2076 2077 2078 2079 2080 2081 2082 2083 2084 2085 2086 2087 2088 2089 2090 2091 2092 2093 2094 2095 2096 2097 2161 2225 2289 2353 2354 2355 2356 2357
2076		2076 2077 2078 2079 2080 2081 2082 2083 2084 2085 2086 2087 2088 2089 2090 2091 2092 2093 2094 2095 2096 2097 2161 2225 2289 2353 2354 2355 2356 2357
2077		2077 2078 2079 2080 2081 2082 2083 2084 2085 2086 2087 2088 2089 2090 2091 2092 2093 2094 2095 2096 2097 2161 2225 2289 2353 2354 2355 2356 2357
2078		2078 2079 2080 2081 2082 2083 2084 2085 2086 2087 2088 2089 2090 2091 2092 2093 2094 2095 2096 2097 2161 2225 2289 2353 2354 2355 2356 2357
2079		2079 2080 2081 2082 2083 2084 2085 2086 2087 2088 2089 2090 2091 2092 2093 2094 2095 2096 2097 2161 2225 2289 2353 2354 2355 2356 2357
2080		2080 2081 2082 2083 2084 2085 2086 2087 2088 2089 2090 2091 2092 2093 2094 2095 2096 2097 2161 2225 2289 2353 2354 2355 2356 2357
2081		2081 2082 2083 2084 2085 2086 2087 2088 2089 2090 2091 2092 2093 2094 2095 2096 2097 2161 2225 2289 2353 2354 2355 2356 2357
2082		2082 2083 2084 2085 2086 2087 2088 2089 2090 2091 2092 2093 2094 2095 2096 2097 2161 2225 2289 2353 2354 2355 2356 2357
2083		2083 2084 2085 2086 2087 2088 2089 2090 2091 2092 2093 2094 2095 2096 2097 2161 2225 2289 2353 2354 2355 2356 2357
2084		2084 2085 2086 2087 2088 2089 2090 2091 2092 2093 2094 2095 2096 2097 2161 2225 2289 2353 2354 2355 2356 2357
2085		2085 2086 2087 2088 2089 2090 2091 2092 2093 2094 2095 2096 2097 2161 2225 2289 2353 2354 2355 2356 2357
2086		2086 2087 2088 2089 2090 2091 2092 2093 2094 2095 2096 2097 2161 2225 2289 2353 2354 2355 2356 2357
2087		2087 2088 2089 2090 2091 2092 2093 2094 2095 2096 2097 2161 2225 2289 2353 2354 2355 2356 2357
2088		2088 2089 2090 2091 2092 2093 2094 2095 2096 2097 2161 2225 2289 2353 2354 2355 2356 2357
2089		2089 2090 2091 2092 2093 2094 2095 2096 2097 2161 2225 2289 2353 2354 2355 2356 2357
2090		2090 2091 2092 2093 2094 2095 2096 2097 2161 2225 2289 2353 2354 2355 2356 2357
2091		2091 2092 2093 2094 2095 2096 2097 2161 2225 2289 2353 2354 2355 2356 2357
2092		2092 2093 2094 2095 2096 2097 2161 2225 2289 2353 2354 2355 2356 2357
2093		2093 2094 2095 2096 2097 2161 2225 2289 2353 2354 2355 2356 2357
2094		2094 2095 2096 2097 2161 2225 2289 2353 2354 2355 2356 2357
2095		2095 2159 2160 2161 2162 2163 2164 2165 2166 2167
2096		2096 2097 2161 2225 2289 2353 2354 2355 2356 2357
2097		2097 2161 2225 2289 2353 2354 2355 2356 2357
2098		2098 2099 2035 2036 2100 2164 2165 2166 2167
2099		2099 2035 2036 2100 2164 2165 2166 2167
2035		2035 2036 2100 2164 2165 2166 2167
2036		2036 2100 2164 2165 2166 2167
2100		2100 2164 2165 2166 2167
2228		2228 2292 2356 2357
2292		2292 2356 2357
2356		2356 2357
2420		2420 2421
2484		2484 2420 2421
2548		2548 2484 2420 2421
2612		2612 2548 2484 2420 2421
2676		2676 2612 2548 2484 2420 2421
2740		2740 2676 2612 2548 2484 2420 2421
2739		2739 2740 2676 2612 2548 2484 2420 2421
2738		2738 2739 2740 2676 2612 2548 2484 2420 2421
2737		2737 2673 2674 2675 2611 2612 2548 2484 2420 2421
2801		2801 2802 2803 2867 2931 2995 3059 3123 3187 3251 3315 3316 3380 3379 3378 3377 3376
2802		2802 2866 2930 2994 3058 3059 3123 3122 3121 3185 3184 3248 3312 3376
2803		2803 2739 2740 2676 2612 2548 2484 2420 2421
2867		2867 2803 2739 2740 2676 2612 2548 2484 2420 2421
2931		2931 2867 2803 2739 2740 2676 2612 2548 2484 2420 2421
2995		2995 3059 3123 3122 3121 3185 3184 3248 3312 3376
3059		3059 3123 3122 3121 3185 3184 3248 3312 3376
3123		3123 3122 3121 3185 3184 3248 3312 3376
3187		3187 3251 3315 3316 3380 3379 3378 3377 3376
3251		3251 3315 3316 3380 3379 3378 3377 3376
3315		3315 3314 3378 3377 3376
3379		3379 3378 3377 3376
3380		3380 3379 3378 3377 3376
3444		3444 3443 3442 3441 3440
3443		3443 3442 3441 3440
3442		3442 3441 3440
3441		3441 3440
2053		2053 2052 2051 2050 2049 2113 2114 2115 2179 2243 2244 2180 2116 2117 2118 2119 2120 2121 2122 2123 2124 2125 2126 2127 2128 2129 2130 2131 2132 2133 2134 2135 2136 2137 2138 2139 2140 2141 2142 2143 2144 2145 2146 2147 2148 2149 2150 2151 2152 2153 2154 2155 2156 2157 2158 2159 2160 2161 2162 2163 2164 2165 2166 2167
2113		2113 2114 2115 2116 2117 2118 2119 2120 2121 2122 2123 2124 2125 2126 2127 2128 2129 2130 2131 2132 2133 2134 2135 2136 2137 2138 2139 2140 2141 2142 2143 2144 2145 2146 2147 2148 2149 2150 2151 2152 2153 2154 2155 2156 2157 2158 2159 2160 2161 2162 2163 2164 2165 2166 2167
2243		2243 2179 2180 2181 2182 2183 2184 2185 2186 2187 2188 2189 2190 2191 2192 2193 2194 2195 2196 2197 2198 2199 2200 2201 2202 2203 2204 2205 2206 2207 2208 2209 2210 2211 2212 2213 2214 2215 2216 2217 2218 2219 2220 2221 2222 2223 2224 2225 2226 2227 2228 2229 2230 2231
2055		2055 2056 2057 2058 2059 2060 2061 2062 2063 2064 2065 2066 2067 2068 2069 2070 2071 2072 2073 2074 2075 2076 2077 2078 2079 2080 2081 2082 2083 2084 2085 2086 2087 2088 2089 2090 2091 2092 2093 2094 2095 2096 2097 2161 2225 2289 2353 2354 2355 2356 2357
1993		1993 1994 1995 1996 1997 1998 1999 2000 2001 2002 2003 2004 2005 2006 2007 2008 2009 2010 2011 2012 2013 2014 2015 2016 2017 2018 2019 2020 2021 2022 2023 2024 2025 2026 2027 2028 2092 2156 2220 2221 2157 2093 2094 2095 2096 2097 2098 2099 2035 2036 2100 2164 2228 2292 2356 2357
1994		1994 1995 1996 1997 1998 1999 2000 2001 2002 2003 2004 2005 2006 2007 2008 2009 2010 2011 2012 2013 2014 2015 2016 2017 2018 2019 2020 2021 2022 2023 2024 2025 2026 2027 2028 2092 2156 2220 2221 2157 2093 2094 2095 2096 2097 2098 2099 2035 2036 2100 2164 2228 2292 2356 2357
1995		1995 1996 1997 1998 1999 2000 2001 2002 2003 2004 2005 2006 2007 2008 2009 2010 2011 2012 2013 2014 2015 2016 2017 2018 2019 2020 2021 2022 2023 2024 2025 2026 2027 2028 2092 2156 2220 2221 2157 2093 2094 2095 2096 2097 2098 2099 2035 2036 2100 2164 2228 2292 2356 2357
1996		1996 1997 1998 1999 2000 2001 2002 2003 2004 2005 2006 2007 2008 2009 2010 2011 2012 2013 2014 2015 2016 2017 2018 2019 2020 2021 2022 2023 2024 2025 2026 2027 2028 2092 2156 2220 2221 2157 2093 2094 2095 2096 2097 2098 2099 2035 2036 2100 2164 2228 2292 2356 2357
1997		1997 1998 1999 2000 2001 2002 2003 2004 2005 2006 2007 2008 2009 2010 2011 2012 2013 2014 2015 2016 2017 2018 2019 2020 2021 2022 2023 2024 2025 2026 2027 2028 2092 2156 2220 2221 2157 2093 2094 2095 2096 2097 2098 2099 2035 2036 2100 2164 2228 2292 2356 2357
1998		1998 1999 2000 2001 2002 2003 2004 2005 2006 2007 2008 2009 2010 2011 2012 2013 2014 2015 2016 2017 2018 2019 2020 2021 2022 2023 2024 2025 2026 2027 2028 2092 2156 2220 2221 2157 2093 2094 2095 2096 2097 2098 2099 2035 2036 2100 2164 2228 2292 2356 2357
1999		1999 2000 2001 2002 2003 2004 2005 2006 2007 2008 2009 2010 2011 2012 2013 2014 2015 2016 2017 2018 2019 2020 2021 2022 2023 2024 2025 2026 2027 2028 2092 2156 2220 2221 2157 2093 2094 2095 2096 2097 2098 2099 2035 2036 2100 2164 2228 2292 2356 2357
2000		2000 2001 2002 2003 2004 2005 2006 2007 2008 2009 2010 2011 2012 2013 2014 2015 2016 2017 2018 2019 2020 2021 2022 2023 2024 2025 2026 2027 2028 2092 2156 2220 2221 2157 2093 2094 2095 2096 2097 2098 2099 2035 2036 2100 2164 2228 2292 2356 2357
2001		2001 2002 2003 2004 2005 2006 2007 2008 2009 2010 2011 2012 2013 2014 2015 2016 2017 2018 2019 2020 2021 2022 2023 2024 2025 2026 2027 2028 2092 2156 2220 2221 2157 2093 2094 2095 2096 2097 2098 2099 2035 2036 2100 2164 2228 2292 2356 2357
2002		2002 2003 2004 2005 2006 2007 2008 2009 2010 2011 2012 2013 2014 2015 2016 2017 2018 2019 2020 2021 2022 2023 2024 2025 2026 2027 2028 2092 2156 2220 2221 2157 2093 2094 2095 2096 2097 2098 2099 2035 2036 2100 2164 2228 2292 2356 2357
2003		2003 2004 2005 2006 2007 2008 2009 2010 2011 2012 2013 2014 2015 2016 2017 2018 2019 2020 2021 2022 2023 2024 2025 2026 2027 2028 2092 2156 2220 2221 2157 2093 2094 2095 2096 2097 2098 2099 2035 2036 2100 2164 2228 2292 2356 2357
2004		2004 2005 2006 2007 2008 2009 2010 2011 2012 2013 2014 2015 2016 2017 2018 2019 2020 2021 2022 2023 2024 2025 2026 2027 2028 2092 2156 2220 2221 2157 2093 2094 2095 2096 2097 2098 2099 2035 2036 2100 2164 2228 2292 2356 2357
2005		2005 2006 2007 2008 2009 2010 2011 2012 2013 2014 2015 2016 2017 2018 2019 2020 2021 2022 2023 2024 2025 2026 2027 2028 2092 2156 2220 2221 2157 2093 2094 2095 2096 2097 2098 2099 2035 2036 2100 2164 2228 2292 2356 2357
2006		2006 2007 2008 2009 2010 2011 2012 2013 2014 2015 2016 2017 2018 2019 2020 2021 2022 2023 2024 2025 2026 2027 2028 2092 2156 2220 2221 2157 2093 2094 2095 2096 2097 2098 2099 2035 2036 2100 2164 2228 2292 2356 2357
2007		2007 2008 2009 2010 2011 2012 2013 2014 2015 2016 2017 2018 2019 2020 2021 2022 2023 2024 2025 2026 2027 2028 2092 2156 2220 2221 2157 2093 2094 2095 2096 2097 2098 2099 2035 2036 2100 2164 2228 2292 2356 2357
2008		2008 2009 2010 2011 2012 2013 2014 2015 2016 2017 2018 2019 2020 2021 2022 2023 2024 2025 2026 2027 2028 2092 2156 2220 2221 2157 2093 2094 2095 2096 2097 2098 2099 2035 2036 2100 2164 2228 2292 2356 2357
2009		2009 2010 2011 2012 2013 2014 2015 2016 2017 2018 2019 2020 2021 2022 2023 2024 2025 2026 2027 2028 2092 2156 2220 2221 2157 2093 2094 2095 2096 2097 2098 2099 2035 2036 2100 2164 2228 2292 2356 2357
2010		2010 2011 2012 2013 2014 2015 2016 2017 2018 2019 2020 2021 2022 2023 2024 2025 2026 2027 2028 2092 2156 2220 2221 2157 2093 2094 2095 2096 2097 2098 2099 2035 2036 2100 2164 2228 2292 2356 2357
2011		2011 2012 2013 2014 2015 2016 2017 2018 2019 2020 2021 2022 2023 2024 2025 2026 2027 2028 2092 2156 2220 2221 2157 2093 2094 2095 2096 2097 2098 2099 2035 2036 2100 2164 2228 2292 2356 2357
2012		2012 2013 2014 2015 2016 2017 2018 2019 2020 2021 2022 2023 2024 2025 2026 2027 2028 2092 2156 2220 2221 2157 2093 2094 2095 2096 2097 2098 2099 2035 2036 2100 2164 2228 2292 2356 2357
2013		2013 2014 2015 2016 2017 2018 2019 2020 2021 2022 2023 2024 2025 2026 2027 2028 2092 2156 2220 2221 2157 2093 2094 2095 2096 2097 2098 2099 2035 2036 2100 2164 2228 2292 2356 2357
2014		2014 2015 2016 2017 2018 2019 2020 2021 2022 2023 2024 2025 2026 2027 2028 2092 2156 2220 2221 2157 2093 2094 2095 2096 2097 2098 2099 2035 2036 2100 2164 2228 2292 2356 2357
2015		2015 2016 2017 2018 2019 2020 2021 2022 2023 2024 2025 2026 2027 2028 2092 2156 2220 2221 2157 2093 2094 2095 2096 2097 2098 2099 2035 2036 2100 2164 2228 2292 2356 2357
2016		2016 2017 2018 2019 2020 2021 2022 2023 2024 2025 2026 2027 2028 2092 2156 2220 2221 2157 2093 2094 2095 2096 2097 2098 2099 2035 2036 2100 2164 2228 2292 2356 2357
2017		2017 2018 2019 2020 2021 2022 2023 2024 2025 2026 2027 2028 2092 2156 2220 2221 2157 2093 2094 2095 2096 2097 2098 2099 2035 2036 2100 2164 2228 2292 2356 2357
2018		2018 2019 2020 2021 2022 2023 2024 2025 2026 2027 2028 2092 2156 2220 2221 2157 2093 2094 2095 2096 2097 2098 2099 2035 2036 2100 2164 2228 2292 2356 2357
2019		2019 2020 2021 2022 2023 2024 2025 2026 2027 2028 2092 2156 2220 2221 2157 2093 2094 2095 2096 2097 2098 2099 2035 2036 2100 2164 2228 2292 2356 2357
2020		2020 2021 2022 2023 2024 2025 2026 2027 2028 2092 2156 2220 2221 2157 2093 2094 2095 2096 2097 2098 2099 2035 2036 2100 2164 2228 2292 2356 2357
2021		2021 2022 2023 2024 2025 2026 2027 2028 2092 2156 2220 2221 2157 2093 2094 2095 2096 2097 2098 2099 2035 2036 2100 2164 2228 2292 2356 2357
2022		2022 2023 2024 2025 2026 2027 2028 2092 2156 2220 2221 2157 2093 2094 2095 2096 2097 2098 2099 2035 2036 2100 2164 2228 2292 2356 2357
2023		2023 2024 2025 2026 2027 2028 2092 2156 2220 2221 2157 2093 2094 2095 2096 2097 2098 2099 2035 2036 2100 2164 2228 2292 2356 2357
2024		2024 2025 2026 2027 2028 2092 2156 2220 2221 2157 2093 2094 2095 2096 2097 2098 2099 2035 2036 2100 2164 2228 2292 2356 2357
2025		2025 2026 2027 2028 2092 2156 2220 2221 2157 2093 2094 2095 2096 2097 2098 2099 2035 2036 2100 2164 2228 2292 2356 2357
2026		2026 2027 2028 2092 2156 2220 2221 2157 2093 2094 2095 2096 2097 2098 2099 2035 2036 2100 2164 2228 2292 2356 2357
2027		2027 2028 2092 2156 2220 2221 2157 2093 2094 2095 2096 2097 2098 2099 2035 2036 2100 2164 2228 2292 2356 2357
2028		2028 2092 2156 2220 2221 2157 2093 2094 2095 2096 2097 2098 2099 2035 2036 2100 2164 2228 2292 2356 2357
2220		2220 2221 2222 2223 2287 2351 2352 2353 2354 2355 2356 2357
2221		2221 2222 2223 2287 2351 2352 2353 2354 2355 2356 2357
2185		2185 2186 2187 2188 2189 2190 2191 2192 2193 2194 2195 2196 2197 2198 2199 2200 2201 2202 2203 2204 2205 2206 2207 2208 2209 2210 2211 2212 2213 2214 2215 2216 2217 2218 2219 2220 2221 2222 2223 2224 2225 2226 2227 2228 2229 2230 2231
2186		2186 2187 2188 2189 2190 2191 2192 2193 2194 2195 2196 2197 2198 2199 2200 2201 2202 2203 2204 2205 2206 2207 2208 2209 2210 2211 2212 2213 2214 2215 2216 2217 2218 2219 2220 2221 2222 2223 2224 2225 2226 2227 2228 2229 2230 2231
2225		2225 2289 2353 2354 2355 2356 2357
2289		2289 2353 2354 2355 2356 2357
2353		2353 2354 2355 2356 2357
2354		2354 2355 2356 2357
2355		2355 2356 2357
2031		2031 2095 2159 2160 2161 2162 2163 2164 2165 2166 2167
2417		2417 2418 2419 2420 2421
2481		2481 2417 2418 2419 2420 2421
2545		2545 2544 2543 2479 2480 2481 2482 2483 2484 2420 2421
2609		2609 2610 2611 2612 2548 2484 2420 2421
2673		2673 2609 2610 2611 2612 2548 2484 2420 2421
2865		2865 2929 2993 3057 3121 3185 3249 3313 3377 3441 3442 3378 3314 3315 3316 3252 3251 3250 3186 3122 3058 2994 2930 2866 2802 2738 2674 2610 2546 2482 2418 2354 2290 2226 2162 2098 2034 2035 2036 2100 2164 2228 2292 2356 2357
2929		2929 2993 3057 3121 3185 3249 3313 3377 3441 3442 3378 3314 3315 3316 3252 3251 3250 3186 3122 3058 2994 2930 2866 2802 2738 2674 2610 2546 2482 2418 2354 2290 2226 2162 2098 2034 2035 2036 2100 2164 2228 2292 2356 2357
2993		2993 3057 3121 3185 3249 3313 3377 3441 3442 3378 3314 3315 3316 3252 3251 3250 3186 3122 3058 2994 2930 2866 2802 2738 2674 2610 2546 2482 2418 2354 2290 2226 2162 2098 2034 2035 2036 2100 2164 2228 2292 2356 2357
3057		3057 3121 3185 3249 3313 3377 3441 3442 3378 3314 3315 3316 3252 3251 3250 3186 3122 3058 2994 2930 2866 2802 2738 2674 2610 2546 2482 2418 2354 2290 2226 2162 2098 2034 2035 2036 2100 2164 2228 2292 2356 2357
3121		3121 3185 3184 3248 3312 3376
3185		3185 3184 3248 3312 3376
3249		3249 3313 3377 3441 3442 3378 3314 3315 3316 3252 3251 3250 3186 3122 3058 2994 2930 2866 2802 2738 2674 2610 2546 2482 2418 2354 2290 2226 2162 2098 2034 2035 2036 2100 2164 2228 2292 2356 2357
3313		3313 3377 3441 3442 3378 3314 3315 3316 3252 3251 3250 3186 3122 3058 2994 2930 2866 2802 2738 2674 2610 2546 2482 2418 2354 2290 2226 2162 2098 2034 2035 2036 2100 2164 2228 2292 2356 2357
3377		3377 3376
3378		3378 3377 3376
3314		3314 3378 3377 3376
3316		3316 3380 3379 3378 3377 3376
3252		3252 3316 3380 3379 3378 3377 3376
3250		3250 3314 3315 3316 3380 3379 3378 3377 3376
3186		3186 3250 3314 3315 3316 3380 3379 3378 3377 3376
3122		3122 3121 3185 3184 3248 3312 3376
3058		3058 3059 3123 3122 3121 3185 3184 3248 3312 3376
2994		2994 3058 3059 3123 3122 3121 3185 3184 3248 3312 3376
2930		2930 2994 3058 3059 3123 3122 3121 3185 3184 3248 3312 3376
2866		2866 2930 2994 3058 3059 3123 3122 3121 3185 3184 3248 3312 3376
2674		2674 2675 2611 2612 2548 2484 2420 2421
2610		2610 2611 2612 2548 2484 2420 2421
2546		2546 2610 2674 2738 2739 2740 2676 2612 2548 2484 2420 2421
2482		2482 2483 2484 2420 2421
2418		2418 2419 2420 2421
2290		2290 2354 2355 2356 2357
2226		2226 2290 2354 2355 2356 2357
2034		2034 2035 2036 2100 2164 2228 2292 2356 2357
3184		3184 3248 3312 3376
3183		3183 3247 3311 3375
3247		3247 3311 3375
3311		3311 3375
3248		3248 3312 3376
3312		3312 3376
2419		2419 2420 2421
2224		2224 2225 2226 2290 2354 2355 2356 2357
2167		2167 2231
2231		2231 2295
2168		2168 2232
2232		2232 2296
2177		2177 2113 2114 2115 2116 2117 2118 2119 2120 2121 2122 2123 2124 2125 2126 2127 2128 2129 2130 2131 2132 2133 2134 2135 2136 2137 2138 2139 2140 2141 2142 2143 2144 2145 2146 2147 2148 2149 2150 2151 2152 2153 2154 2155 2156 2157 2158 2159 2160 2161 2162 2163 2164 2165 2166 2167
2178		2178 2179 2115 2116 2117 2118 2119 2120 2121 2122 2123 2124 2125 2126 2127 2128 2129 2130 2131 2132 2133 2134 2135 2136 2137 2138 2139 2140 2141 2142 2143 2144 2145 2146 2147 2148 2149 2150 2151 2152 2153 2154 2155 2156 2157 2158 2159 2160 2161 2162 2163 2164 2165 2166 2167
2242		2242 2243 2179 2180 2181 2182 2183 2184 2185 2186 2187 2188 2189 2190 2191 2192 2193 2194 2195 2196 2197 2198 2199 2200 2201 2202 2203 2204 2205 2206 2207 2208 2209 2210 2211 2212 2213 2214 2215 2216 2217 2218 2219 2220 2221 2222 2223 2224 2225 2226 2227 2228 2229 2230 2231
2187		2187 2188 2189 2190 2191 2192 2193 2194 2195 2196 2197 2198 2199 2200 2201 2202 2203 2204 2205 2206 2207 2208 2209 2210 2211 2212 2213 2214 2215 2216 2217 2218 2219 2220 2221 2222 2223 2224 2225 2226 2227 2228 2229 2230 2231
2188		2188 2189 2190 2191 2192 2193 2194 2195 2196 2197 2198 2199 2200 2201 2202 2203 2204 2205 2206 2207 2208 2209 2210 2211 2212 2213 2214 2215 2216 2217 2218 2219 2220 2221 2222 2223 2224 2225 2226 2227 2228 2229 2230 2231
2189		2189 2190 2191 2192 2193 2194 2195 2196 2197 2198 2199 2200 2201 2202 2203 2204 2205 2206 2207 2208 2209 2210 2211 2212 2213 2214 2215 2216 2217 2218 2219 2220 2221 2222 2223 2224 2225 2226 2227 2228 2229 2230 2231
2190		2190 2191 2192 2193 2194 2195 2196 2197 2198 2199 2200 2201 2202 2203 2204 2205 2206 2207 2208 2209 2210 2211 2212 2213 2214 2215 2216 2217 2218 2219 2220 2221 2222 2223 2224 2225 2226 2227 2228 2229 2230 2231
2191		2191 2192 2193 2194 2195 2196 2197 2198 2199 2200 2201 2202 2203 2204 2205 2206 2207 2208 2209 2210 2211 2212 2213 2214 2215 2216 2217 2218 2219 2220 2221 2222 2223 2224 2225 2226 2227 2228 2229 2230 2231
2192		2192 2193 2194 2195 2196 2197 2198 2199 2200 2201 2202 2203 2204 2205 2206 2207 2208 2209 2210 2211 2212 2213 2214 2215 2216 2217 2218 2219 2220 2221 2222 2223 2224 2225 2226 2227 2228 2229 2230 2231
2193		2193 2194 2195 2196 2197 2198 2199 2200 2201 2202 2203 2204 2205 2206 2207 2208 2209 2210 2211 2212 2213 2214 2215 2216 2217 2218 2219 2220 2221 2222 2223 2224 2225 2226 2227 2228 2229 2230 2231
2194		2194 2195 2196 2197 2198 2199 2200 2201 2202 2203 2204 2205 2206 2207 2208 2209 2210 2211 2212 2213 2214 2215 2216 2217 2218 2219 2220 2221 2222 2223 2224 2225 2226 2227 2228 2229 2230 2231
2195		2195 2196 2197 2198 2199 2200 2201 2202 2203 2204 2205 2206 2207 2208 2209 2210 2211 2212 2213 2214 2215 2216 2217 2218 2219 2220 2221 2222 2223 2224 2225 2226 2227 2228 2229 2230 2231
2196		2196 2197 2198 2199 2200 2201 2202 2203 2204 2205 2206 2207 2208 2209 2210 2211 2212 2213 2214 2215 2216 2217 2218 2219 2220 2221 2222 2223 2224 2225 2226 2227 2228 2229 2230 2231
2197		2197 2198 2199 2200 2201 2202 2203 2204 2205 2206 2207 2208 2209 2210 2211 2212 2213 2214 2215 2216 2217 2218 2219 2220 2221 2222 2223 2224 2225 2226 2227 2228 2229 2230 2231
2198		2198 2199 2200 2201 2202 2203 2204 2205 2206 2207 2208 2209 2210 2211 2212 2213 2214 2215 2216 2217 2218 2219 2220 2221 2222 2223 2224 2225 2226 2227 2228 2229 2230 2231
2199		2199 2200 2201 2202 2203 2204 2205 2206 2207 2208 2209 2210 2211 2212 2213 2214 2215 2216 2217 2218 2219 2220 2221 2222 2223 2224 2225 2226 2227 2228 2229 2230 2231
2200		2200 2201 2202 2203 2204 2205 2206 2207 2208 2209 2210 2211 2212 2213 2214 2215 2216 2217 2218 2219 2220 2221 2222 2223 2224 2225 2226 2227 2228 2229 2230 2231
2201		2201 2202 2203 2204 2205 2206 2207 2208 2209 2210 2211 2212 2213 2214 2215 2216 2217 2218 2219 2220 2221 2222 2223 2224 2225 2226 2227 2228 2229 2230 2231
2202		2202 2203 2204 2205 2206 2207 2208 2209 2210 2211 2212 2213 2214 2215 2216 2217 2218 2219 2220 2221 2222 2223 2224 2225 2226 2227 2228 2229 2230 2231
2203		2203 2204 2205 2206 2207 2208 2209 2210 2211 2212 2213 2214 2215 2216 2217 2218 2219 2220 2221 2222 2223 2224 2225 2226 2227 2228 2229 2230 2231
2204		2204 2205 2206 2207 2208 2209 2210 2211 2212 2213 2214 2215 2216 2217 2218 2219 2220 2221 2222 2223 2224 2225 2226 2227 2228 2229 2230 2231
2205		2205 2206 2207 2208 2209 2210 2211 2212 2213 2214 2215 2216 2217 2218 2219 2220 2221 2222 2223 2224 2225 2226 2227 2228 2229 2230 2231
2206		2206 2207 2208 2209 2210 2211 2212 2213 2214 2215 2216 2217 2218 2219 2220 2221 2222 2223 2224 2225 2226 2227 2228 2229 2230 2231
2207		2207 2208 2209 2210 2211 2212 2213 2214 2215 2216 2217 2218 2219 2220 2221 2222 2223 2224 2225 2226 2227 2228 2229 2230 2231
2208		2208 2209 2210 2211 2212 2213 2214 2215 2216 2217 2218 2219 2220 2221 2222 2223 2224 2225 2226 2227 2228 2229 2230 2231
2209		2209 2210 2211 2212 2213 2214 2215 2216 2217 2218 2219 2220 2221 2222 2223 2224 2225 2226 2227 2228 2229 2230 2231
2210		2210 2211 2212 2213 2214 2215 2216 2217 2218 2219 2220 2221 2222 2223 2224 2225 2226 2227 2228 2229 2230 2231
2211		2211 2212 2213 2214 2215 2216 2217 2218 2219 2220 2221 2222 2223 2287 2351 2352 2353 2354 2355 2356 2357
2212		2212 2213 2214 2215 2216 2217 2218 2219 2220 2221 2222 2223 2287 2351 2352 2353 2354 2355 2356 2357
2213		2213 2214 2215 2216 2217 2218 2219 2220 2221 2222 2223 2287 2351 2352 2353 2354 2355 2356 2357
2214		2214 2215 2216 2217 2218 2219 2220 2221 2222 2223 2287 2351 2352 2353 2354 2355 2356 2357
2215		2215 2216 2217 2218 2219 2220 2221 2222 2223 2287 2351 2352 2353 2354 2355 2356 2357
2216		2216 2217 2218 2219 2220 2221 2222 2223 2287 2351 2352 2353 2354 2355 2356 2357
2217		2217 2218 2219 2220 2221 2222 2223 2287 2351 2352 2353 2354 2355 2356 2357
2218		2218 2219 2220 2221 2222 2223 2287 2351 2352 2353 2354 2355 2356 2357
2219		2219 2220 2221 2222 2223 2287 2351 2352 2353 2354 2355 2356 2357
2222		2222 2223 2287 2351 2352 2353 2354 2355 2356 2357
2223		2223 2287 2351 2352 2353 2354 2355 2356 2357
2287		2287 2351 2352 2353 2354 2355 2356 2357
2351		2351 2352 2353 2354 2355 2356 2357
2352		2352 2353 2354 2355 2356 2357
2227		2227 2228 2229 2293 2357
2229		2229 2293 2357
2293		2293 2357
2230		2230 2294
2233		2233 2232
2234		2234 2298
2298		2298 2362
2241		2241 2242 2243 2179 2180 2181 2182 2183 2184 2185 2186 2187 2188 2189 2190 2191 2192 2193 2194 2195 2196 2197 2198 2199 2200 2201 2202 2203 2204 2205 2206 2207 2208 2209 2210 2211 2212 2213 2214 2215 2216 2217 2218 2219 2220 2221 2222 2223 2224 2225 2226 2227 2228 2229 2230 2231
2288		2288 2289 2290 2291 2355 2356 2357
2291		2291 2355 2356 2357
2294		2294 2295
2295		2295 2231
2296		2296 2232
2297		2297 2298
2317		2317 2318 2319 2383 2447 2448 2512 2513 2514 2515 2516
2381		2381 2445 2509 2510 2446 2382 2383 2384 2385 2386 2387 2323 2324 2388 2452 2516
2382		2382 2383 2384 2385 2386 2387 2323 2324 2388 2452 2516
2446		2446 2382 2383 2384 2385 2386 2387 2323 2324 2388 2452 2516
2510		2510 2446 2382 2383 2384 2385 2386 2387 2323 2324 2388 2452 2516
2511		2511 2512 2448 2384 2385 2386 2387 2388 2324 2325 2389 2453 2517
2447		2447 2448 2512 2513 2514 2515 2516
2383		2383 2447 2448 2512 2513 2514 2515 2516
2384		2384 2448 2449 2450 2451 2515 2516
2385		2385 2386 2387 2323 2324 2388 2452 2516
2386		2386 2387 2323 2324 2388 2452 2516
2387		2387 2451 2515 2516
2388		2388 2452 2516
2389		2389 2453 2517
2390		2390 2454 2518
2391		2391 2455 2519
2392		2392 2456 2520
2393		2393 2457 2521
2394		2394 2458 2522
2395		2395 2459 2523
2331		2331 2395 2459 2523
2332		2332 2396 2460 2524 2588
2396		2396 2460 2524 2588
2460		2460 2524 2588
2524		2524 2588
2318		2318 2319 2383 2447 2448 2512 2513 2514 2515 2516
2319		2319 2383 2447 2448 2512 2513 2514 2515 2516
2448		2448 2512 2513 2514 2515 2516
2512		2512 2513 2514 2515 2516
2513		2513 2514 2515 2516
2449		2449 2450 2451 2515 2516
2330		2330 2394 2458 2522
2459		2459 2523
2329		2329 2393 2457 2521
2458		2458 2522
2445		2445 2509 2510 2446 2382 2383 2384 2385 2386 2387 2323 2324 2388 2452 2516
2328		2328 2392 2456 2520
2457		2457 2521
2327		2327 2391 2455 2519
2456		2456 2520
2326		2326 2390 2454 2518
2455		2455 2519
2325		2325 2389 2453 2517
2454		2454 2518
2324		2324 2388 2452 2516
2453		2453 2517
2509		2509 2510 2446 2382 2383 2384 2385 2386 2387 2323 2324 2388 2452 2516
2323		2323 2324 2388 2452 2516
2452		2452 2516
2514		2514 2515 2516
2515		2515 2516
2320		2320 2384 2448 2449 2450 2451 2515 2516
2450		2450 2451 2515 2516
2451		2451 2515 2516
2321		2321 2322 2323 2387 2451 2515 2516
2322		2322 2323 2387 2451 2515 2516
2357		2357 2421
2358		2358 2294
2359		2359 2295
2360		2360 2296
2361		2361 2297
2362		2362 2298
2415		2415 2416 2417 2418 2419 2420 2421
2416		2416 2417 2418 2419 2420 2421
2421		2421 2357
2422		2422 2358
2423		2423 2359
2424		2424 2360
2425		2425 2426
2426		2426 2362
2479		2479 2415 2416 2417 2418 2419 2420 2421
2480		2480 2416 2417 2418 2419 2420 2421
2483		2483 2419 2420 2421
2516		2516 2580
2517		2517 2516
2518		2518 2519
2519		2519 2520
2520		2520 2584
2521		2521 2520
2522		2522 2523
2523		2523 2587
2543		2543 2479 2480 2481 2417 2418 2419 2420 2421
2544		2544 2480 2481 2482 2483 2484 2420 2421
2547		2547 2483 2484 2420 2421
2580		2580 2516
2581		2581 2517
2582		2582 2518
2583		2583 2519
2584		2584 2520
2585		2585 2521
2586		2586 2522
2587		2587 2523
2588		2588 2652
2611		2611 2547 2483 2484 2420 2421
2645		2645 2581
2646		2646 2582
2647		2647 2648
2648		2648 2584
2649		2649 2585
2650		2650 2586
2651		2651 2587
2652		2652 2588
2675		2675 2611 2547 2548 2484 2420 2421
2710		2710 2646
2711		2711 2712
2712		2712 2648
2713		2713 2712
2714		2714 2650
2715		2715 2716
2716		2716 2652
2735		2735 2736 2737 2673 2674 2675 2611 2612 2548 2484 2420 2421
2736		2736 2737 2673 2674 2675 2611 2612 2548 2484 2420 2421
2775		2775 2711
2776		2776 2712
2777		2777 2776
2778		2778 2714
2779		2779 2715
2780		2780 2716
2840		2840 2776
2841		2841 2777
2842		2842 2778
2843		2843 2779 2778
2844		2844 2780 2716
2845		2845 2844 2780 2716
2909		2909 2845 2844 2780 2716
2973		2973 2909 2845 2844 2780 2716
3037		3037 2973 2909 2845 2844 2780 2716
3038		3038 3039 3040 3041 3105 3169 3170
2974		2974 3038 3039 3040 3041 3105 3169 3170
2910		2910 2911 2912 2913 2914 2978 3042 3106 3170
2911		2911 2912 2913 2914 2978 3042 3106 3170
2912		2912 2913 2914 2978 3042 3106 3170
2913		2913 2914 2978 3042 3106 3170
2914		2914 2978 3042 3106 3170
2978		2978 3042 3106 3170
3042		3042 3106 3170
3106		3106 3170
2846		2846 2845 2844 2780 2716
3039		3039 3040 3041 3105 3169 3170
2975		2975 2976 2977 2978 2979 3043 3107 3171
3040		3040 3041 3105 3169 3170
3041		3041 3105 3169 3170
3105		3105 3169 3170
3169		3169 3170
3233		3233 3234
3297		3297 3298 3299
3298		3298 3299
2847		2847 2846 2845 2844 2780 2716
2848		2848 2912 2976 2977 3041 3105 3169 3170
2976		2976 2977 3041 3105 3169 3170
2977		2977 3041 3105 3169 3170
3234		3234 3170
2855		2855 2919 2983 3047 3111 3175
2919		2919 2983 3047 3111 3175
2983		2983 3047 3111 3175
3047		3047 3111 3175
3111		3111 3175
2856		2856 2920 2984 3048 3112 3176
2982		2982 3046 3110 3174 3238
3046		3046 3110 3174 3238
3045		3045 3109 3173 3237
3109		3109 3173 3237
3108		3108 3172 3171
3107		3107 3171
3104		3104 3168 3169 3170
3168		3168 3169 3170
2920		2920 2984 3048 3112 3176
2984		2984 3048 3112 3176
3110		3110 3174 3238
3174		3174 3238
3173		3173 3237
3172		3172 3171
3048		3048 3112 3176
3112		3112 3176
2905		2905 2841 2777
2906		2906 2842 2778
2907		2907 2843 2842 2778
2908		2908 2844 2780 2716
2969		2969 2905 2841 2777
2970		2970 2906 2842 2778
2971		2971 2907 2906 2842 2778
2972		2972 2908 2844 2780 2716
2979		2979 3043 3107 3171
3043		3043 3107 3171
3033		3033 2969 2905 2841 2777
3034		3034 2970 2906 2842 2778
3035		3035 2971 2907 2843 2842 2778
3036		3036 2972 2908 2844 2780 2716
3044		3044 3108 3172 3171
3097		3097 3033 2969 2905 2841 2777
3098		3098 3034 2970 2906 2842 2778
3099		3099 3035 3034 2970 2906 2842 2778
3100		3100 3036 2972 2908 2844 2780 2716
3101		3101 3037 2973 2909 2845 2844 2780 2716
3161		3161 3097 3033 2969 2905 2841 2777
3162		3162 3098 3034 2970 2906 2842 2778
3163		3163 3099 3035 2971 2970 2906 2842 2778
3164		3164 3100 3036 2972 2908 2844 2780 2716
3165		3165 3164 3100 3036 2972 2908 2844 2780 2716
3170		3170 3171
3171		3171 3235
3175		3175 3239
3176		3176 3175
3177		3177 3178
3241		3241 3305
3178		3178 3242
3242		3242 3306
3188		3188 3252 3316 3380 3379 3378 3377 3376
3231		3231 3232 3233 3234
3232		3232 3233 3234
3235		3235 3171
3236		3236 3237
3237		3237 3301
3238		3238 3237
3239		3239 3175
3240		3240 3241
3295		3295 3231 3232 3233 3234
3296		3296 3232 3233 3234
3299		3299 3235
3300		3300 3236
3301		3301 3237
3302		3302 3301
3303		3303 3239
3304		3304 3240
3305		3305 3241
3306		3306 3305
3363		3363 3299
3364		3364 3300
3365		3365 3301
3366		3366 3302
3367		3367 3303
3368		3368 3304
3369		3369 3305
3370		3370 3306
3371		3371 3372
3372		3372 3373
3436		3436 3500
3373		3373 3374
3437		3437 3501
3374		3374 3375
3438		3438 3502
3375		3375 3376
3376		3376 3375
3427		3427 3363
3428		3428 3364
3429		3429 3365
3430		3430 3366
3431		3431 3430
3432		3432 3431
3433		3433 3434
3434		3434 3370
3435		3435 3434
3439		3439 3375
3440		3440 3376
3491		3491 3427
3492		3492 3428
3493		3493 3429
3494		3494 3430
3495		3495 3496
3496		3496 3432
3497		3497 3433
3500		3500 3436
3501		3501 3437
3502		3502 3566
3503		3503 3502
3504		3504 3440
3555		3555 3556
3556		3556 3492
3557		3557 3556
3558		3558 3559
3559		3559 3560
3560		3560 3496
3561		3561 3497
3564		3564 3500
3565		3565 3501
3566		3566 3502
3567		3567 3503
3568		3568 3504
